KEY_CODE,HTKSYORI,HTKSAKI,GASSAN,T000846001,T000846002,T000846003,T000846004,T000846005,T000846006,T000846007,T000846008,T000846009,T000846010,T000846011,T000846012,T000846013,T000846014,T000846015,T000846016,T000846017,T000846018,T000846019,T000846020,T000846021,T000846022,T000846023,T000846024,T000846025,T000846026,T000846027,T000846028,T000846029,T000846030,T000846031,T000846032,T000846033,T000846034,T000846035,T000846036,T000846037,T000846038,T000846039,T000846040,T000846041
,,,,Å@êlå˚ëçêî,Å@êlå˚ëçêîÅ@íj,Å@êlå˚ëçêîÅ@èó,Å@ÇOÅ`ÇPÇSçŒêlå˚ëçêî,Å@ÇOÅ`ÇPÇSçŒêlå˚Å@íj,Å@ÇOÅ`ÇPÇSçŒêlå˚Å@èó,Å@ÇPÇTçŒà»è„êlå˚ëçêî,Å@ÇPÇTçŒà»è„êlå˚Å@íj,Å@ÇPÇTçŒà»è„êlå˚Å@èó,Å@ÇPÇTÅ`ÇUÇSçŒêlå˚ëçêî,Å@ÇPÇTÅ`ÇUÇSçŒêlå˚Å@íj,Å@ÇPÇTÅ`ÇUÇSçŒêlå˚Å@èó,Å@ÇQÇOçŒà»è„êlå˚ëçêî,Å@ÇQÇOçŒà»è„êlå˚Å@íj,Å@ÇQÇOçŒà»è„êlå˚Å@èó,Å@ÇUÇTçŒà»è„êlå˚ëçêî,Å@ÇUÇTçŒà»è„êlå˚Å@íj,Å@ÇUÇTçŒà»è„êlå˚Å@èó,Å@ÇVÇTçŒà»è„êlå˚ëçêî,Å@ÇVÇTçŒà»è„êlå˚Å@íj,Å@ÇVÇTçŒà»è„êlå˚Å@èó,Å@äOçëêlêlå˚ëçêî,Å@äOçëêlêlå˚Å@íj,Å@äOçëêlêlå˚Å@èó,Å@ê¢ë—ëçêî,Å@àÍî ê¢ë—êî,Å@ÇPêlê¢ë—ÇÃàÍî ê¢ë—êî,Å@ÇQêlê¢ë—ÇÃàÍî ê¢ë—êî,Å@ÇRêlê¢ë—ÇÃàÍî ê¢ë—êî,Å@ÇSêlê¢ë—ÇÃàÍî ê¢ë—êî,Å@ÇTêlê¢ë—ÇÃàÍî ê¢ë—êî,Å@ÇUêlê¢ë—ÇÃàÍî ê¢ë—êî,Å@ÇVêlà»è„ê¢ë—ÇÃàÍî ê¢ë—êî,Å@êeë∞ÇÃÇ›ÇÃàÍî ê¢ë—êî,Å@äjâ∆ë∞ÇÃàÍî ê¢ë—êî,Å@äjâ∆ë∞à»äOÇÃàÍî ê¢ë—êî,Å@ÇUçŒñ¢ñûê¢ë—àıÇÃÇ¢ÇÈàÍî ê¢ë—êî,Å@ÇUÇTçŒà»è„ê¢ë—àıÇÃÇ¢ÇÈàÍî ê¢ë—êî,Å@ê¢ë—éÂÇÃîNóÓÇ™ÇQÇOÅ`ÇQÇXçŒÇÃÇPêlê¢ë—ÇÃàÍî ê¢ë—êî,Å@çÇóÓíPêgÇÃàÍî ê¢ë—êî,Å@çÇóÓïvïwÇÃÇ›ÇÃàÍî ê¢ë—êî
52404030,0,,,50,24,26,7,4,3,43,20,23,18,9,9,43,20,23,25,11,14,15,5,10,0,0,0,20,20,5,7,3,4,0,1,0,15,10,5,1,16,0,4,4
52404040,0,,,448,205,243,37,22,15,411,183,228,212,100,112,404,180,224,199,83,116,110,36,74,0,0,0,173,173,31,68,40,20,8,3,3,142,91,51,11,137,0,25,32
52404041,0,,,777,368,409,32,18,14,744,350,394,297,152,145,720,341,379,447,198,249,274,117,157,2,1,1,304,301,72,131,56,28,9,3,2,228,181,47,7,242,1,57,75
52404050,0,,,62,33,29,7,4,3,55,29,26,34,19,15,55,29,26,21,10,11,11,4,7,0,0,0,20,20,1,9,5,2,0,1,2,19,9,10,2,16,0,1,3
52404051,0,,,490,234,256,55,32,23,435,202,233,230,109,121,405,188,217,205,93,112,111,46,65,5,0,5,176,176,36,61,33,19,12,9,6,138,88,50,7,136,0,32,36
52404052,0,,,104,47,57,7,4,3,97,43,54,45,21,24,95,42,53,52,22,30,30,9,21,0,0,0,42,42,9,18,8,3,2,1,1,33,20,13,2,34,0,6,8
52404060,0,,,9,5,4,0,0,0,9,5,4,2,0,2,9,5,4,7,5,2,6,4,2,0,0,0,4,4,1,2,0,1,0,0,0,3,2,1,0,4,0,1,2
52404061,0,,,25,12,13,4,2,2,21,10,11,13,5,8,20,10,10,8,5,3,1,0,1,0,0,0,13,13,6,4,2,0,1,0,0,7,7,0,1,6,0,2,4
52404062,0,,,280,154,126,19,7,12,261,147,114,152,86,66,250,140,110,109,61,48,56,31,25,1,0,1,112,112,33,30,25,15,2,7,0,78,53,25,6,76,0,22,15
52404063,1,,52404064,202,98,104,20,10,10,185,89,96,107,50,57,176,83,93,78,39,39,40,19,21,3,0,3,79,79,17,34,10,13,3,4,0,64,48,16,2,48,1,8,14
52404064,2,52404063,,4,2,2,*,*,*,*,*,*,*,*,*,*,*,*,*,*,*,*,*,*,*,*,*,2,2,*,*,*,*,*,*,*,*,*,*,*,*,*,*,*
52404070,1,,52404080,21,12,9,5,4,1,18,9,9,9,6,3,17,8,9,9,3,6,4,1,3,0,0,0,8,8,2,4,1,1,0,1,0,7,7,0,2,6,0,1,3
52404073,0,,,59,26,33,4,2,2,55,24,31,30,15,15,52,23,29,25,9,16,9,2,7,3,2,1,28,28,12,8,3,4,0,1,0,16,12,4,2,20,0,10,3
52404074,0,,,776,366,410,76,37,39,699,328,371,363,178,185,680,317,363,336,150,186,148,57,91,7,2,5,351,351,123,115,54,46,5,4,4,226,175,51,18,235,3,81,59
52404075,0,,,568,269,299,42,19,23,526,250,276,276,135,141,503,236,267,250,115,135,141,57,84,3,1,2,237,236,63,94,41,24,4,6,4,171,129,42,10,168,0,46,39
52404076,0,,,130,63,67,14,6,8,116,57,59,65,34,31,112,55,57,51,23,28,29,15,14,0,0,0,47,47,10,15,10,5,4,1,2,37,29,8,2,33,0,7,10
52404080,2,52404070,,2,1,1,*,*,*,*,*,*,*,*,*,*,*,*,*,*,*,*,*,*,*,*,*,1,1,*,*,*,*,*,*,*,*,*,*,*,*,*,*,*
52404083,0,,,92,46,46,12,5,7,80,41,39,47,25,22,77,39,38,33,16,17,18,7,11,2,1,1,32,32,7,8,9,3,2,1,2,24,17,7,5,21,0,3,4
52404084,0,,,35,17,18,3,2,1,32,15,17,13,7,6,32,15,17,19,8,11,10,3,7,0,0,0,16,16,6,6,2,1,0,0,1,10,6,4,1,13,0,3,4
52404085,0,,,42,20,22,1,1,0,41,19,22,22,10,12,39,18,21,19,9,10,8,3,5,1,0,1,17,17,6,5,2,1,2,1,0,10,6,4,0,16,0,5,2
52404086,0,,,238,120,118,16,10,6,222,110,112,110,59,51,210,104,106,112,51,61,48,19,29,0,0,0,99,99,21,45,16,8,7,2,0,78,63,15,3,75,0,17,26
52404087,2,52404097,,10,5,5,*,*,*,*,*,*,*,*,*,*,*,*,*,*,*,*,*,*,*,*,*,4,4,*,*,*,*,*,*,*,*,*,*,*,*,*,*,*
52404090,0,,,16,7,9,3,1,2,13,6,7,5,2,3,13,6,7,8,4,4,2,1,1,0,0,0,6,6,0,4,1,0,1,0,0,6,5,1,1,4,0,0,4
52404093,0,,,57,25,32,2,1,1,55,24,31,34,15,19,49,22,27,21,9,12,15,5,10,1,0,1,18,18,1,8,3,2,1,3,0,17,9,8,1,14,0,0,4
52404094,0,,,15,7,8,1,0,1,14,7,7,7,4,3,13,7,6,7,3,4,2,1,1,1,0,1,4,4,0,2,0,1,0,0,1,4,2,2,0,4,0,0,1
52404097,1,,52404087,623,291,332,47,20,27,586,276,310,331,166,165,548,259,289,255,110,145,126,40,86,58,35,23,237,232,69,78,52,18,9,6,4,163,126,37,10,163,5,47,42
52404098,0,,,163,80,83,6,2,4,157,78,79,64,33,31,156,78,78,93,45,48,47,21,26,1,0,1,77,77,27,29,12,5,2,2,0,50,39,11,1,67,0,23,20
52405000,0,,,41,21,20,2,0,2,39,21,18,21,14,7,38,21,17,18,7,11,13,5,8,0,0,0,22,22,9,9,2,2,0,0,0,13,11,2,1,13,0,4,4
52405001,0,,,32,20,12,2,1,1,30,19,11,17,12,5,28,17,11,13,7,6,10,5,5,0,0,0,13,13,4,4,2,2,0,1,0,9,6,3,0,8,0,2,2
52405002,0,,,103,50,53,9,5,4,94,45,49,51,25,26,91,44,47,43,20,23,20,10,10,0,0,0,37,37,4,15,11,2,2,3,0,33,20,13,0,27,0,1,7
52405003,0,,,29,14,15,4,2,2,25,12,13,16,8,8,25,12,13,9,4,5,4,2,2,0,0,0,9,9,0,3,3,2,0,1,0,9,7,2,1,5,0,0,2
52405004,0,,,47,23,24,1,1,0,46,22,24,24,12,12,46,22,24,22,10,12,8,3,5,0,0,0,18,18,3,7,3,4,1,0,0,14,11,3,0,14,0,2,3
52405005,0,,,169,86,83,21,9,12,148,77,71,101,54,47,141,71,70,47,23,24,19,9,10,1,0,1,59,59,6,25,8,11,9,0,0,53,42,11,2,32,0,4,8
52405006,0,,,221,98,123,21,8,13,200,90,110,110,50,60,192,86,106,90,40,50,47,19,28,3,1,2,89,89,25,33,15,3,5,8,0,64,48,16,9,61,0,17,21
52405007,0,,,483,236,247,18,8,10,465,228,237,179,92,87,459,226,233,286,136,150,185,78,107,5,1,4,128,125,55,39,19,6,6,0,0,68,53,15,3,67,10,22,20
52405008,0,,,44,18,26,4,2,2,40,16,24,26,9,17,36,15,21,14,7,7,8,4,4,0,0,0,17,17,4,8,3,0,0,0,2,13,9,4,2,11,0,3,3
52405010,0,,,36,17,19,0,0,0,36,17,19,20,11,9,32,15,17,16,6,10,10,3,7,0,0,0,13,13,2,4,3,3,1,0,0,11,8,3,0,11,0,2,2
52405011,0,,,27,16,11,0,0,0,27,16,11,11,8,3,26,16,10,16,8,8,14,7,7,0,0,0,12,12,3,4,4,1,0,0,0,8,6,2,0,10,0,2,2
52405012,0,,,19,13,6,0,0,0,19,13,6,9,8,1,18,12,6,10,5,5,6,4,2,0,0,0,9,9,2,5,1,1,0,0,0,7,4,3,0,8,0,2,1
52405013,0,,,54,30,24,2,2,0,52,28,24,19,11,8,52,28,24,33,17,16,21,10,11,0,0,0,25,25,6,11,7,0,1,0,0,19,13,6,1,21,0,6,7
52405014,0,,,215,113,102,22,12,10,193,101,92,96,50,46,190,100,90,97,51,46,45,23,22,2,1,1,90,90,22,40,14,6,3,3,2,65,52,13,7,64,0,12,25
52405015,0,,,154,78,76,15,9,6,139,69,70,73,41,32,130,62,68,66,28,38,31,10,21,2,1,1,64,64,18,25,10,4,4,2,1,46,33,13,2,49,0,15,7
52405016,0,,,195,98,97,15,8,7,177,87,90,82,40,42,172,85,87,95,47,48,41,24,17,0,0,0,90,90,24,43,14,3,5,1,0,63,56,7,4,58,1,10,25
52405017,0,,,487,237,250,38,21,17,446,214,232,291,146,145,415,202,213,155,68,87,70,27,43,8,5,3,219,219,94,54,27,25,13,4,2,122,98,24,10,103,26,32,25
52405018,0,,,1432,702,730,141,81,60,1276,615,661,696,359,337,1223,589,634,580,256,324,323,139,184,26,16,10,637,637,240,192,86,69,33,12,5,392,296,96,44,396,26,125,110
52405020,0,,,45,22,23,4,2,2,41,20,21,21,12,9,41,20,21,20,8,12,10,3,7,0,0,0,18,18,3,8,5,0,1,1,0,15,10,5,0,14,0,2,4
52405021,0,,,52,30,22,5,3,2,47,27,20,23,15,8,47,27,20,24,12,12,7,3,4,0,0,0,26,26,9,10,5,2,0,0,0,17,16,1,2,16,0,6,6
52405022,1,,52405032,40,16,24,2,2,0,44,17,27,25,11,14,44,17,27,19,6,13,15,4,11,1,0,1,16,16,4,6,3,4,1,0,0,14,7,7,0,16,0,4,2
52405023,0,,,23,13,10,1,1,0,22,12,10,10,5,5,22,12,10,12,7,5,3,1,2,0,0,0,10,10,3,4,1,1,1,0,0,7,5,2,1,9,1,2,3
52405024,0,,,24,14,10,1,0,1,23,14,9,12,7,5,22,13,9,11,7,4,7,3,4,1,0,1,11,11,3,5,1,2,0,0,0,8,6,2,0,7,0,2,2
52405025,0,,,34,17,17,1,1,0,33,16,17,24,13,11,30,14,16,9,3,6,5,2,3,0,0,0,13,13,3,3,3,4,0,0,0,10,8,2,0,6,0,1,1
52405026,0,,,498,240,258,79,35,44,419,205,214,308,150,158,396,191,205,111,55,56,50,25,25,4,2,2,203,203,61,62,34,26,16,2,2,140,115,25,24,78,15,21,20
52405027,0,,,1012,472,540,149,78,71,857,391,466,599,281,318,793,366,427,258,110,148,129,52,77,16,4,12,430,430,162,102,68,63,24,9,2,268,222,46,47,174,52,39,43
52405028,0,,,2046,943,1103,185,107,78,1838,825,1013,1052,497,555,1748,783,965,786,328,458,431,165,266,37,12,25,998,994,472,264,136,77,25,16,4,517,409,108,54,496,133,174,127
52405030,0,,,22,9,13,2,0,2,20,9,11,12,6,6,20,9,11,8,3,5,4,1,3,0,0,0,9,9,1,4,3,1,0,0,0,8,7,1,0,5,0,0,2
52405032,2,52405022,,6,3,3,*,*,*,*,*,*,*,*,*,*,*,*,*,*,*,*,*,*,*,*,*,2,2,*,*,*,*,*,*,*,*,*,*,*,*,*,*,*
52405033,0,,,15,8,7,2,2,0,13,6,7,9,5,4,13,6,7,4,1,3,2,0,2,0,0,0,6,6,3,1,0,0,2,0,0,3,1,2,0,4,0,2,0
52405034,0,,,54,30,24,1,1,0,53,29,24,29,15,14,51,27,24,24,14,10,15,8,7,0,0,0,21,21,6,4,5,5,1,0,0,15,10,5,1,17,0,4,2
52405035,0,,,231,118,113,20,11,9,211,107,104,131,65,66,203,106,97,80,42,38,38,18,20,0,0,0,86,86,15,33,19,10,5,1,3,70,53,17,5,51,0,7,12
52405036,0,,,337,167,170,47,29,18,290,138,152,179,84,95,279,132,147,111,54,57,58,26,32,9,4,5,150,150,57,49,18,13,6,5,2,91,67,24,15,74,9,20,23
52405037,0,,,941,422,519,123,57,66,807,363,444,533,244,289,759,345,414,274,119,155,126,50,76,16,7,9,429,428,161,135,60,46,13,11,2,261,226,35,38,182,46,46,64
52405038,0,,,1549,757,792,211,111,100,1324,638,686,956,481,475,1254,601,653,368,157,211,159,61,98,24,15,9,761,761,368,176,102,73,30,5,7,384,338,46,68,261,104,89,69
52405039,0,,,148,51,97,14,3,11,132,47,85,93,32,61,124,44,80,39,15,24,25,10,15,1,0,1,93,93,63,14,11,2,2,1,0,29,25,4,4,28,19,14,5
52405040,0,,,80,35,45,2,1,1,78,34,44,36,18,18,76,33,43,42,16,26,25,9,16,0,0,0,30,30,7,6,9,6,2,0,0,23,14,9,1,25,0,5,2
52405041,0,,,100,45,55,5,2,3,95,43,52,46,22,24,91,42,49,49,21,28,28,9,19,0,0,0,38,38,11,10,8,4,1,4,0,27,17,10,3,31,0,9,8
52405042,0,,,138,65,73,13,7,6,125,58,67,62,30,32,119,57,62,63,28,35,33,10,23,0,0,0,54,54,12,20,12,4,3,2,1,42,30,12,4,44,0,10,8
52405043,0,,,191,97,94,17,11,6,174,86,88,93,50,43,170,84,86,81,36,45,39,16,23,0,0,0,75,75,15,28,18,9,2,1,2,60,43,17,6,52,0,11,16
52405044,0,,,202,104,98,24,15,9,178,89,89,105,57,48,172,85,87,73,32,41,31,12,19,0,0,0,70,70,7,28,20,7,3,1,4,62,43,19,5,45,0,4,14
52405045,0,,,646,312,334,106,51,55,538,261,277,382,186,196,508,244,264,156,75,81,63,28,35,7,1,6,253,253,63,80,50,36,19,2,3,189,154,35,26,97,9,17,32
52405046,0,,,635,297,338,81,36,45,553,261,292,379,179,200,530,250,280,174,82,92,83,37,46,4,1,3,285,285,106,86,43,31,12,6,1,177,149,28,31,120,31,36,31
52405047,0,,,974,466,508,161,89,72,813,377,436,572,267,305,768,360,408,241,110,131,95,39,56,5,3,2,383,383,106,112,66,61,28,8,2,275,224,51,36,170,25,38,37
52405048,0,,,1724,807,917,205,107,98,1512,695,817,889,430,459,1462,667,795,623,265,358,356,139,217,12,4,8,658,654,249,172,109,75,28,13,8,401,324,77,53,297,82,78,66
52405049,0,,,2332,1028,1304,247,138,109,2058,879,1179,1453,642,811,1942,823,1119,605,237,368,325,101,224,16,4,12,1181,1177,662,238,139,88,35,11,4,506,433,73,90,343,277,126,89
52405050,0,,,225,108,117,18,12,6,207,96,111,103,51,52,204,94,110,104,45,59,68,26,42,0,0,0,96,96,28,35,18,7,5,1,2,68,49,19,5,69,0,22,16
52405051,0,,,287,137,150,39,21,18,248,116,132,137,69,68,241,114,127,111,47,64,62,25,37,1,1,0,102,101,24,28,26,5,11,6,1,77,54,23,12,71,1,19,15
52405052,0,,,488,220,268,50,28,22,438,192,246,233,117,116,426,185,241,205,75,130,137,44,93,4,0,4,172,171,50,49,30,20,14,5,3,121,81,40,11,111,2,34,20
52405053,0,,,288,137,151,28,19,9,260,118,142,139,67,72,251,114,137,121,51,70,49,18,31,1,0,1,113,113,27,37,25,16,3,3,2,86,65,21,8,79,0,22,13
52405054,0,,,364,164,200,29,9,20,335,155,180,215,105,110,319,145,174,120,50,70,51,18,33,3,0,3,160,160,49,59,26,20,3,1,2,110,90,20,6,87,1,25,22
52405055,0,,,310,158,152,33,22,11,276,135,141,160,84,76,262,129,133,116,51,65,61,23,38,1,0,1,122,122,30,40,24,17,9,0,2,90,72,18,8,79,0,19,21
52405056,0,,,141,66,75,20,10,10,121,56,65,63,31,32,120,56,64,58,25,33,29,11,18,0,0,0,57,57,16,17,14,4,5,0,1,40,28,12,5,37,0,10,9
52405057,0,,,396,179,217,61,30,31,335,149,186,191,86,105,321,144,177,144,63,81,58,27,31,0,0,0,160,160,40,56,32,17,12,2,1,119,100,19,17,91,11,14,33
52405058,0,,,328,156,172,51,26,25,277,130,147,165,75,90,268,127,141,112,55,57,58,31,27,0,0,0,118,118,21,36,28,21,7,3,2,96,73,23,14,70,1,10,19
52405059,0,,,267,125,142,31,15,16,236,110,126,167,75,92,221,103,118,69,35,34,36,11,25,4,0,4,108,108,33,36,14,16,3,3,3,74,59,15,7,48,14,10,13
52405060,0,,,265,131,134,20,10,10,245,121,124,133,73,60,238,116,122,112,48,64,66,27,39,4,1,3,110,110,33,36,21,11,4,3,2,75,58,17,4,70,2,19,19
52405061,0,,,145,66,79,10,5,5,135,61,74,77,33,44,129,58,71,58,28,30,27,11,16,0,0,0,57,56,16,17,14,3,3,2,1,40,30,10,2,40,0,13,8
52405062,0,,,120,56,64,8,1,7,112,55,57,55,29,26,109,54,55,57,26,31,32,14,18,0,0,0,49,49,9,23,8,6,1,2,0,40,31,9,3,37,0,7,11
52405063,0,,,171,88,83,14,6,8,157,82,75,109,57,52,147,75,72,48,25,23,28,14,14,1,0,1,66,66,9,28,17,7,4,0,1,55,45,10,4,30,0,4,12
52405064,0,,,128,65,63,16,8,8,112,57,55,64,31,33,111,56,55,48,26,22,19,8,11,1,1,0,47,47,11,15,8,6,4,2,1,36,24,12,4,33,0,8,6
52405065,1,,52405074,129,59,70,19,8,11,116,53,63,71,33,38,109,49,60,45,20,25,19,8,11,1,0,1,45,45,7,17,10,4,8,0,1,40,29,11,4,30,0,5,10
52405066,0,,,64,29,35,7,2,5,57,27,30,39,19,20,51,25,26,18,8,10,13,6,7,0,0,0,26,26,6,11,4,4,0,0,1,20,18,2,2,13,1,4,4
52405067,0,,,124,57,67,14,6,8,110,51,59,57,25,32,107,50,57,53,26,27,26,12,14,0,0,0,45,45,5,19,10,7,3,0,1,40,31,9,2,32,0,3,12
52405068,1,,52405078;52405088,53,27,26,12,8,4,57,26,31,35,17,18,53,26,27,22,9,13,8,3,5,0,0,0,17,17,3,5,6,5,0,3,0,19,14,5,2,13,0,1,1
52405070,0,,,55,25,30,3,2,1,52,23,29,21,10,11,51,23,28,31,13,18,17,7,10,0,0,0,25,25,8,8,5,4,0,0,0,17,13,4,1,20,0,5,8
52405071,0,,,42,20,22,3,0,3,39,20,19,23,13,10,39,20,19,16,7,9,9,3,6,0,0,0,16,16,2,5,6,3,0,0,0,14,10,4,1,11,0,1,2
52405072,0,,,25,14,11,3,2,1,22,12,10,15,10,5,20,10,10,7,2,5,3,1,2,0,0,0,10,10,2,4,2,1,1,0,0,8,7,1,2,4,0,0,1
52405074,2,52405065,,6,2,4,*,*,*,*,*,*,*,*,*,*,*,*,*,*,*,*,*,*,*,*,*,2,2,*,*,*,*,*,*,*,*,*,*,*,*,*,*,*
52405075,0,,,61,30,31,3,2,1,58,28,30,31,17,14,57,28,29,27,11,16,10,4,6,0,0,0,26,26,4,14,4,3,1,0,0,21,19,2,1,18,0,4,5
52405078,2,52405068,,10,4,6,*,*,*,*,*,*,*,*,*,*,*,*,*,*,*,*,*,*,*,*,*,3,3,*,*,*,*,*,*,*,*,*,*,*,*,*,*,*
52405085,0,,,13,6,7,5,2,3,8,4,4,6,4,2,8,4,4,2,0,2,1,0,1,0,0,0,5,5,2,1,0,1,1,0,0,3,3,0,0,2,0,1,0
52405088,2,52405068,,6,3,3,*,*,*,*,*,*,*,*,*,*,*,*,*,*,*,*,*,*,*,*,*,2,2,*,*,*,*,*,*,*,*,*,*,*,*,*,*,*
52405135,0,,,14,6,8,2,1,1,12,5,7,5,2,3,12,5,7,7,3,4,6,3,3,0,0,0,5,5,2,1,0,0,2,0,0,3,1,2,0,5,0,2,1
52405137,2,52405147,,5,2,3,*,*,*,*,*,*,*,*,*,*,*,*,*,*,*,*,*,*,*,*,*,2,2,*,*,*,*,*,*,*,*,*,*,*,*,*,*,*
52405140,1,,52405160,879,366,513,66,32,34,808,333,475,630,247,383,777,326,451,178,86,92,88,38,50,40,8,32,515,511,349,82,43,22,14,3,0,158,130,28,22,100,204,25,28
52405141,0,,,1033,499,534,92,56,36,941,443,498,505,250,255,913,431,482,436,193,243,226,92,134,13,5,8,427,427,126,144,76,35,28,15,3,299,223,76,24,303,8,82,70
52405142,0,,,1314,637,677,103,51,52,1211,586,625,665,338,327,1159,559,600,546,248,298,281,105,176,13,0,13,548,548,167,178,100,55,25,16,7,376,274,102,28,385,11,105,90
52405143,0,,,523,274,249,73,41,32,449,232,217,260,139,121,441,228,213,189,93,96,102,42,60,1,0,1,212,211,79,57,44,13,9,2,7,132,95,37,12,127,19,32,26
52405144,0,,,110,55,55,11,4,7,99,51,48,66,34,32,92,46,46,33,17,16,17,8,9,1,0,1,43,43,14,12,10,1,1,3,2,29,21,8,3,22,9,1,4
52405145,0,,,580,269,311,30,16,14,550,253,297,291,140,151,527,245,282,259,113,146,139,50,89,2,0,2,278,278,116,81,48,16,10,5,2,162,121,41,7,186,18,65,38
52405146,1,,52405156,207,111,96,18,13,5,192,99,93,91,56,35,183,95,88,101,43,58,58,25,33,1,0,1,98,98,41,29,16,7,3,1,2,57,45,12,4,63,5,18,24
52405147,1,,52405137,151,72,79,5,3,2,151,71,80,86,46,40,141,66,75,65,25,40,33,9,24,0,0,0,68,68,17,31,14,5,3,0,0,53,43,10,0,45,0,11,10
52405148,0,,,334,154,180,27,14,13,307,140,167,146,69,77,295,135,160,161,71,90,82,29,53,2,0,2,131,131,30,48,24,17,6,5,1,101,71,30,5,110,1,24,26
52405151,0,,,67,31,36,7,1,6,60,30,30,42,22,20,56,27,29,18,8,10,4,2,2,1,0,1,23,23,0,10,7,4,2,0,0,23,20,3,2,11,0,0,5
52405152,0,,,516,254,262,67,39,28,449,215,234,326,165,161,426,202,224,123,50,73,67,21,46,4,1,3,198,198,53,57,36,33,9,7,3,143,108,35,19,86,3,24,17
52405153,0,,,306,152,154,38,23,15,268,129,139,170,86,84,255,123,132,98,43,55,46,18,28,5,1,4,119,119,27,45,22,11,9,2,3,91,70,21,12,68,6,12,21
52405154,0,,,27,14,13,5,3,2,22,11,11,11,5,6,21,10,11,11,6,5,5,2,3,0,0,0,11,11,3,4,1,2,1,0,0,8,7,1,1,8,0,3,3
52405155,0,,,824,381,443,70,37,33,753,343,410,373,182,191,729,330,399,380,161,219,224,80,144,6,1,5,368,367,128,132,63,21,18,3,2,239,189,50,17,246,12,79,66
52405156,2,52405146,,3,1,2,*,*,*,*,*,*,*,*,*,*,*,*,*,*,*,*,*,*,*,*,*,1,1,*,*,*,*,*,*,*,*,*,*,*,*,*,*,*
52405157,0,,,43,25,18,1,0,1,42,25,17,25,15,10,40,23,17,17,10,7,11,7,4,0,0,0,19,19,3,10,5,0,1,0,0,16,16,0,1,11,0,3,5
52405158,0,,,83,42,41,5,4,1,78,38,40,35,19,16,75,37,38,43,19,24,11,5,6,1,0,1,39,39,9,19,8,3,0,0,0,30,28,2,1,25,0,5,12
52405159,0,,,160,81,79,7,3,4,153,78,75,94,50,44,139,69,70,59,28,31,30,15,15,0,0,0,65,65,25,13,14,6,2,2,3,40,28,12,3,41,6,12,11
52405160,2,52405140,,4,3,1,*,*,*,*,*,*,*,*,*,*,*,*,*,*,*,*,*,*,*,*,*,2,2,*,*,*,*,*,*,*,*,*,*,*,*,*,*,*
52405162,0,,,113,38,75,8,6,2,105,32,73,18,8,10,102,31,71,87,24,63,70,17,53,0,0,0,15,14,2,5,1,4,0,0,2,11,5,6,4,12,0,2,3
52405165,0,,,72,37,35,6,3,3,66,34,32,37,17,20,65,34,31,29,17,12,10,5,5,0,0,0,27,27,6,6,8,6,0,1,0,21,14,7,2,19,0,3,4
52405167,0,,,105,58,47,15,12,3,90,46,44,54,29,25,88,45,43,36,17,19,11,5,6,1,1,0,42,42,8,20,6,3,3,2,0,34,28,6,5,22,0,3,11
52405168,0,,,439,208,231,39,20,19,398,187,211,166,67,99,396,186,210,232,120,112,71,43,28,0,0,0,213,213,52,128,10,15,7,1,0,159,149,10,10,148,0,36,93
52405169,0,,,617,276,341,32,15,17,584,260,324,276,132,144,569,254,315,308,128,180,160,66,94,0,0,0,277,277,86,111,40,22,11,4,3,188,150,38,5,208,2,67,62
52405175,0,,,68,31,37,16,7,9,52,24,28,30,14,16,51,23,28,22,10,12,10,5,5,0,0,0,25,25,6,7,4,5,2,1,0,18,16,2,4,14,0,4,5
52405177,0,,,60,30,30,3,1,2,57,29,28,29,13,16,55,29,26,28,16,12,10,5,5,0,0,0,20,20,3,5,5,4,2,1,0,17,13,4,1,17,0,2,5
52405178,0,,,40,21,19,2,1,1,38,20,18,16,11,5,33,16,17,22,9,13,8,3,5,0,0,0,13,13,2,6,1,1,1,0,2,11,7,4,0,12,0,2,5
52405179,0,,,70,27,43,8,3,5,62,24,38,31,12,19,57,24,33,31,12,19,16,4,12,0,0,0,23,23,4,8,4,3,1,1,2,18,8,10,1,19,1,3,5
52405181,2,52405191,,4,1,3,*,*,*,*,*,*,*,*,*,*,*,*,*,*,*,*,*,*,*,*,*,2,2,*,*,*,*,*,*,*,*,*,*,*,*,*,*,*
52405182,2,52405191,,6,3,3,*,*,*,*,*,*,*,*,*,*,*,*,*,*,*,*,*,*,*,*,*,3,3,*,*,*,*,*,*,*,*,*,*,*,*,*,*,*
52405187,0,,,17,10,7,0,0,0,17,10,7,11,7,4,17,10,7,6,3,3,4,1,3,0,0,0,6,6,0,2,3,1,0,0,0,6,3,3,0,5,0,0,0
52405188,0,,,291,111,180,9,4,5,282,107,175,106,50,56,272,103,169,176,57,119,147,42,105,1,0,1,74,71,18,22,13,11,5,0,2,53,36,17,2,51,0,13,11
52405189,0,,,194,97,97,22,14,8,172,83,89,94,53,41,166,80,86,78,30,48,35,11,24,2,2,0,73,73,21,22,10,10,6,3,1,51,35,16,6,54,0,18,11
52405191,1,,52405181;52405182,39,19,20,4,1,3,45,22,23,25,15,10,44,22,22,20,7,13,12,3,9,1,0,1,17,17,8,7,3,3,0,1,0,14,9,5,0,14,1,3,2
52405192,0,,,13,7,6,1,1,0,12,6,6,4,2,2,12,6,6,8,4,4,4,2,2,0,0,0,6,5,1,2,1,1,0,0,0,4,3,1,0,5,0,1,2
52405196,0,,,83,63,20,3,1,2,80,62,18,68,56,12,80,62,18,12,6,6,6,3,3,0,0,0,10,9,2,1,3,2,1,0,0,7,2,5,0,8,0,2,1
52405197,0,,,98,55,43,7,4,3,91,51,40,43,25,18,90,51,39,48,26,22,20,10,10,1,0,1,40,39,12,12,8,4,2,1,0,27,19,8,2,32,0,9,7
52405198,0,,,117,61,56,12,5,7,105,56,49,65,40,25,99,51,48,40,16,24,24,8,16,0,0,0,39,39,9,11,5,5,4,4,1,30,16,14,2,26,0,4,5
52405199,0,,,68,31,37,3,0,3,65,31,34,33,16,17,62,29,33,32,15,17,16,9,7,0,0,0,28,28,8,12,2,2,2,2,0,20,14,6,0,22,0,7,7
52405252,2,52405262,,2,1,1,*,*,*,*,*,*,*,*,*,*,*,*,*,*,*,*,*,*,*,*,*,1,1,*,*,*,*,*,*,*,*,*,*,*,*,*,*,*
52405260,0,,,707,317,390,58,17,41,649,300,349,330,168,162,630,292,338,319,132,187,180,66,114,3,0,3,300,300,97,97,51,28,17,5,5,202,138,64,12,219,2,65,54
52405261,0,,,365,181,184,16,8,8,349,173,176,180,100,80,340,170,170,169,73,96,96,37,59,0,0,0,150,150,32,64,30,13,7,1,3,117,85,32,1,115,0,26,29
52405262,1,,52405252,516,250,266,37,18,19,481,233,248,252,133,119,459,218,241,229,100,129,118,41,77,3,0,3,201,201,48,69,42,25,5,11,2,153,102,51,6,155,1,37,32
52405263,0,,,61,35,26,4,3,1,57,32,25,35,20,15,56,31,25,22,12,10,8,4,4,0,0,0,24,24,6,7,6,3,1,1,0,17,11,6,1,17,0,5,1
52405265,0,,,66,36,30,6,2,4,60,34,26,33,22,11,57,31,26,27,12,15,12,7,5,0,0,0,34,34,16,12,2,1,2,1,0,17,14,3,0,19,6,6,6
52405270,0,,,34,19,15,3,3,0,30,16,14,12,6,6,29,16,13,18,10,8,8,5,3,0,0,0,14,14,3,5,4,1,1,0,0,11,9,2,0,12,0,2,5
52405271,0,,,52,23,29,5,3,2,47,20,27,26,12,14,44,19,25,21,8,13,13,6,7,1,0,1,19,19,5,4,4,4,1,1,0,14,8,6,3,14,0,4,2
52405272,0,,,75,40,35,4,3,1,71,37,34,53,31,22,58,30,28,18,6,12,11,4,7,0,0,0,37,37,18,9,3,5,2,0,0,19,16,3,1,14,4,3,2
52405273,0,,,531,258,273,44,19,25,487,239,248,272,145,127,466,230,236,215,94,121,116,43,73,2,0,2,220,220,77,63,40,17,9,7,7,142,99,43,16,150,13,42,35
52405274,0,,,80,38,42,4,1,3,76,37,39,51,28,23,73,35,38,25,9,16,15,5,10,0,0,0,31,31,6,11,8,3,2,1,0,25,17,8,0,18,0,3,4
52405275,0,,,2547,1277,1270,210,108,102,2337,1169,1168,1356,732,624,2193,1074,1119,981,437,544,498,192,306,48,22,26,1250,1249,599,319,157,90,46,30,8,646,487,159,51,691,173,229,166
52405276,0,,,247,118,129,21,10,11,226,108,118,122,61,61,217,104,113,104,47,57,57,23,34,0,0,0,105,105,36,30,22,8,4,2,3,69,50,19,4,66,6,16,15
52405280,0,,,210,108,102,21,13,8,189,95,94,110,61,49,175,89,86,79,34,45,40,15,25,0,0,0,73,73,15,24,13,9,5,2,5,58,40,18,3,52,0,8,15
52405281,0,,,193,80,113,17,4,13,176,76,100,97,38,59,170,75,95,79,38,41,34,14,20,2,2,0,81,81,21,34,11,8,4,2,1,60,48,12,4,56,0,14,21
52405282,0,,,128,64,64,7,2,5,121,62,59,64,34,30,119,60,59,57,28,29,19,11,8,1,1,0,60,60,24,19,8,5,2,2,0,35,26,9,3,43,0,16,12
52405283,0,,,390,208,182,26,15,11,364,193,171,208,128,80,333,171,162,156,65,91,87,32,55,0,0,0,171,171,67,48,19,24,8,4,1,102,69,33,5,110,16,30,29
52405284,0,,,725,444,281,39,21,18,685,422,263,487,333,154,587,344,243,198,89,109,111,41,70,2,1,1,457,457,321,68,33,19,9,2,5,135,102,33,13,139,163,44,36
52405285,0,,,2511,1358,1153,217,104,113,2291,1252,1039,1516,911,605,2026,1061,965,775,341,434,387,151,236,29,15,14,1434,1431,872,307,126,67,42,13,4,552,471,81,60,512,365,192,143
52405286,0,,,638,337,301,39,23,16,599,314,285,351,208,143,553,278,275,248,106,142,136,54,82,2,1,1,276,276,109,77,32,30,15,8,5,165,115,50,10,169,31,39,39
52405290,0,,,137,74,63,1,1,0,136,73,63,74,43,31,133,70,63,62,30,32,33,12,21,0,0,0,58,58,15,18,15,9,1,0,0,43,29,14,1,46,0,12,5
52405291,0,,,93,46,47,6,3,3,87,43,44,41,24,17,85,42,43,46,19,27,27,10,17,0,0,0,36,36,11,8,8,4,4,1,0,25,15,10,2,31,0,10,3
52405292,0,,,70,32,38,7,2,5,63,30,33,37,15,22,61,29,32,26,15,11,11,6,5,0,0,0,26,26,5,12,3,2,2,1,1,21,16,5,1,20,0,4,8
52405293,0,,,52,31,21,5,2,3,47,29,18,28,19,9,43,25,18,19,10,9,5,2,3,0,0,0,27,27,14,7,2,2,2,0,0,13,10,3,2,14,4,6,3
52405294,0,,,509,318,191,59,25,34,450,293,157,383,269,114,382,234,148,67,24,43,31,9,22,2,0,2,297,297,203,31,24,27,9,2,1,94,74,20,14,47,136,9,13
52405295,0,,,836,507,329,75,37,38,761,470,291,654,426,228,641,380,261,107,44,63,45,13,32,19,15,4,529,528,379,64,43,29,9,3,1,148,134,14,21,79,219,26,19
52405296,0,,,532,300,232,32,18,14,500,282,218,328,208,120,449,240,209,172,74,98,87,32,55,3,1,2,284,284,165,56,24,20,13,4,2,119,79,40,8,129,66,41,28
52406004,1,,52406014,43,21,22,0,0,0,49,23,26,25,13,12,48,23,25,24,10,14,13,5,8,6,3,3,18,18,10,8,3,2,0,1,0,13,8,5,0,17,1,6,6
52406010,0,,,234,64,170,0,0,0,234,64,170,0,0,0,234,64,170,234,64,170,211,54,157,0,0,0,32,30,0,30,0,0,0,0,0,30,30,0,0,30,0,0,30
52406011,2,52406021,,8,3,5,*,*,*,*,*,*,*,*,*,*,*,*,*,*,*,*,*,*,*,*,*,2,2,*,*,*,*,*,*,*,*,*,*,*,*,*,*,*
52406014,2,52406004,,6,2,4,*,*,*,*,*,*,*,*,*,*,*,*,*,*,*,*,*,*,*,*,*,6,6,*,*,*,*,*,*,*,*,*,*,*,*,*,*,*
52406020,0,,,34,15,19,1,0,1,33,15,18,19,10,9,32,14,18,14,5,9,8,3,5,0,0,0,9,9,0,2,1,4,1,1,0,9,3,6,0,8,0,0,0
52406021,1,,52406011,26,12,14,2,0,2,32,15,17,20,10,10,29,13,16,12,5,7,7,2,5,0,0,0,10,10,3,3,4,0,1,0,1,9,5,4,0,8,0,2,1
52406024,0,,,15,10,5,0,0,0,15,10,5,7,5,2,15,10,5,8,5,3,5,3,2,0,0,0,6,6,1,2,2,1,0,0,0,5,5,0,0,5,0,1,1
52406025,0,,,25,11,14,1,0,1,24,11,13,11,7,4,21,9,12,13,4,9,10,3,7,0,0,0,10,10,5,1,2,0,0,2,0,5,3,2,0,9,0,4,1
52406026,0,,,8,4,4,0,0,0,8,4,4,5,3,2,7,3,4,3,1,2,2,0,2,0,0,0,4,4,1,2,1,0,0,0,0,3,3,0,0,3,0,1,1
52406031,0,,,107,55,52,7,6,1,100,49,51,53,28,25,94,49,45,47,21,26,31,16,15,0,0,0,33,33,4,9,6,4,9,1,0,29,16,13,2,28,0,3,7
52406032,1,,52406033,21,8,13,3,0,3,26,12,14,12,4,8,25,11,14,14,8,6,4,1,3,0,0,0,7,7,2,4,0,2,1,1,0,8,4,4,1,8,0,2,3
52406033,2,52406032,,8,4,4,*,*,*,*,*,*,*,*,*,*,*,*,*,*,*,*,*,*,*,*,*,3,3,*,*,*,*,*,*,*,*,*,*,*,*,*,*,*
52406035,0,,,20,8,12,0,0,0,20,8,12,13,4,9,17,8,9,7,4,3,4,2,2,1,0,1,7,7,1,2,1,3,0,0,0,6,4,2,0,5,0,1,1
52406041,0,,,77,37,40,4,2,2,73,35,38,43,23,20,69,34,35,30,12,18,16,6,10,1,0,1,28,28,4,10,7,4,2,1,0,24,18,6,1,20,0,2,5
52406043,0,,,37,18,19,10,5,5,27,13,14,14,8,6,26,12,14,13,5,8,4,1,3,0,0,0,10,10,2,2,1,3,0,0,2,8,5,3,2,9,0,2,1
52406045,0,,,58,27,31,3,1,2,55,26,29,38,19,19,55,26,29,17,7,10,12,4,8,0,0,0,16,16,0,3,6,4,1,1,1,16,9,7,1,12,0,0,1
52406051,0,,,79,38,41,8,5,3,71,33,38,38,18,20,69,32,37,33,15,18,18,7,11,0,0,0,24,24,1,11,5,3,1,0,3,23,14,9,2,19,0,1,6
52406052,0,,,110,55,55,4,1,3,106,54,52,61,35,26,101,50,51,45,19,26,24,8,16,0,0,0,43,43,10,14,7,9,3,0,0,33,19,14,0,28,0,5,6
52406055,0,,,26,15,11,0,0,0,26,15,11,14,9,5,26,15,11,12,6,6,4,1,3,0,0,0,11,11,2,5,3,0,1,0,0,8,6,2,0,8,0,2,3
52406056,2,52406066,,3,1,2,*,*,*,*,*,*,*,*,*,*,*,*,*,*,*,*,*,*,*,*,*,2,2,*,*,*,*,*,*,*,*,*,*,*,*,*,*,*
52406060,2,52406061,,7,3,4,*,*,*,*,*,*,*,*,*,*,*,*,*,*,*,*,*,*,*,*,*,4,4,*,*,*,*,*,*,*,*,*,*,*,*,*,*,*
52406061,1,,52406060,115,56,59,12,9,3,110,50,60,70,35,35,110,50,60,40,15,25,21,7,14,0,0,0,37,37,6,11,13,5,3,1,2,34,18,16,5,30,0,3,4
52406062,0,,,89,40,49,10,6,4,79,34,45,38,18,20,79,34,45,41,16,25,19,6,13,0,0,0,34,34,9,11,6,3,3,1,1,25,15,10,1,28,0,7,5
52406065,0,,,49,25,24,5,2,3,44,23,21,24,15,9,43,22,21,20,8,12,15,5,10,1,0,1,17,17,1,6,6,2,2,0,0,16,11,5,1,15,0,1,2
52406066,1,,52406056,23,12,11,2,1,1,24,12,12,10,5,5,24,12,12,14,7,7,7,3,4,0,0,0,10,10,5,3,2,1,1,0,0,7,6,1,1,9,0,4,3
52406067,0,,,70,31,39,3,1,2,67,30,37,40,20,20,63,30,33,27,10,17,18,6,12,0,0,0,26,26,5,9,7,3,0,1,1,21,14,7,1,20,0,3,4
52406069,2,52406078,,7,3,4,*,*,*,*,*,*,*,*,*,*,*,*,*,*,*,*,*,*,*,*,*,1,1,*,*,*,*,*,*,*,*,*,*,*,*,*,*,*
52406070,0,,,109,56,53,21,13,8,88,43,45,52,27,25,84,40,44,36,16,20,16,6,10,0,0,0,38,38,11,12,6,3,2,1,3,27,18,9,2,25,0,8,6
52406071,0,,,68,38,30,3,1,2,65,37,28,35,20,15,63,36,27,30,17,13,18,9,9,1,0,1,25,25,4,8,7,4,1,1,0,21,11,10,0,22,0,3,5
52406075,0,,,57,28,29,5,4,1,52,24,28,31,17,14,51,23,28,21,7,14,12,3,9,0,0,0,22,22,6,6,4,4,1,1,0,16,10,6,3,15,0,5,3
52406076,0,,,258,130,128,21,9,12,237,121,116,131,70,61,231,117,114,106,51,55,53,21,32,0,0,0,95,95,21,26,23,12,10,3,0,74,46,28,6,67,0,12,16
52406077,0,,,273,135,138,20,9,11,253,126,127,124,63,61,247,124,123,129,63,66,64,27,37,1,0,1,107,107,27,36,22,12,3,5,2,80,58,22,6,85,0,21,23
52406078,1,,52406069,232,119,113,18,12,6,221,110,111,124,63,61,215,107,108,97,47,50,55,21,34,3,1,2,83,83,16,26,22,4,9,5,2,68,44,24,4,64,0,8,18
52406079,0,,,212,105,107,10,5,5,202,100,102,103,56,47,192,94,98,99,44,55,52,19,33,0,0,0,83,83,21,29,13,11,4,5,0,60,41,19,2,68,0,17,16
52406080,0,,,79,40,39,5,3,2,74,37,37,44,20,24,72,35,37,30,17,13,15,5,10,1,0,1,29,29,5,9,10,2,1,1,1,24,19,5,1,23,0,2,4
52406085,0,,,70,36,34,2,1,1,68,35,33,41,21,20,68,35,33,27,14,13,14,6,8,0,0,0,27,27,5,9,7,4,2,0,0,22,13,9,1,18,0,2,3
52406086,0,,,138,68,70,11,5,6,127,63,64,69,36,33,121,60,61,58,27,31,34,19,15,0,0,0,44,44,5,17,5,7,6,2,2,38,24,14,1,34,0,4,11
52406087,1,,52406098,120,65,55,8,7,1,115,60,55,53,31,22,109,56,53,62,29,33,36,15,21,1,0,1,46,46,11,15,10,7,2,0,2,35,26,9,1,38,0,10,10
52406090,0,,,56,26,30,8,3,5,48,23,25,29,16,13,47,23,24,19,7,12,9,3,6,0,0,0,18,18,3,5,5,2,1,0,2,15,10,5,2,12,0,1,2
52406093,2,52406094,,4,1,3,*,*,*,*,*,*,*,*,*,*,*,*,*,*,*,*,*,*,*,*,*,1,1,*,*,*,*,*,*,*,*,*,*,*,*,*,*,*
52406094,1,,52406093,165,80,85,11,6,5,158,75,83,81,39,42,153,73,80,77,36,41,29,8,21,0,0,0,60,60,10,22,12,10,5,1,1,51,31,20,4,51,0,9,14
52406095,0,,,248,125,123,19,9,10,229,116,113,131,68,63,219,112,107,98,48,50,55,21,34,1,0,1,87,87,24,23,15,9,5,7,4,63,29,34,3,67,0,14,11
52406096,0,,,166,79,87,11,8,3,155,71,84,92,48,44,152,71,81,63,23,40,40,13,27,1,0,1,61,61,12,20,9,15,3,2,0,48,30,18,2,44,0,9,8
52406098,2,52406087,,3,2,1,*,*,*,*,*,*,*,*,*,*,*,*,*,*,*,*,*,*,*,*,*,1,1,*,*,*,*,*,*,*,*,*,*,*,*,*,*,*
52406100,1,,52406101,36,17,19,8,5,3,39,18,21,20,9,11,38,17,21,19,9,10,18,9,9,0,0,0,14,14,5,6,2,0,0,0,3,11,8,3,2,12,0,3,3
52406101,2,52406100,,11,6,5,*,*,*,*,*,*,*,*,*,*,*,*,*,*,*,*,*,*,*,*,*,2,2,*,*,*,*,*,*,*,*,*,*,*,*,*,*,*
52406107,2,52406108,,2,1,1,*,*,*,*,*,*,*,*,*,*,*,*,*,*,*,*,*,*,*,*,*,1,1,*,*,*,*,*,*,*,*,*,*,*,*,*,*,*
52406108,1,,52406107,73,39,34,2,1,1,73,39,34,34,19,15,73,39,34,39,20,19,20,10,10,0,0,0,29,29,8,8,7,6,0,1,0,22,13,9,0,27,0,6,4
52406109,0,,,12,6,6,0,0,0,12,6,6,9,6,3,12,6,6,3,0,3,3,0,3,0,0,0,5,5,1,2,1,1,0,0,0,4,3,1,0,3,0,0,0
52406110,0,,,21,10,11,1,0,1,20,10,10,7,4,3,18,9,9,13,6,7,11,4,7,0,0,0,9,9,3,3,1,1,1,0,0,6,3,3,0,9,0,3,1
52406114,2,52406115,,6,3,3,*,*,*,*,*,*,*,*,*,*,*,*,*,*,*,*,*,*,*,*,*,2,2,*,*,*,*,*,*,*,*,*,*,*,*,*,*,*
52406115,1,,52406114,28,13,15,1,0,1,33,16,17,19,10,9,32,16,16,14,6,8,6,2,4,0,0,0,13,13,4,6,2,3,0,0,0,11,7,4,1,9,0,2,3
52406119,0,,,12,5,7,1,1,0,11,4,7,6,2,4,10,4,6,5,2,3,4,1,3,0,0,0,4,4,1,1,1,0,0,1,0,3,1,2,0,4,0,1,1
52406120,0,,,12,7,5,0,0,0,12,7,5,6,4,2,12,7,5,6,3,3,4,1,3,0,0,0,4,4,1,1,0,1,1,0,0,3,1,2,0,4,0,1,0
52406121,2,52406131,,6,4,2,*,*,*,*,*,*,*,*,*,*,*,*,*,*,*,*,*,*,*,*,*,1,1,*,*,*,*,*,*,*,*,*,*,*,*,*,*,*
52406125,1,,52406135,46,25,21,3,1,2,50,27,23,30,16,14,48,26,22,20,11,9,8,3,5,0,0,0,14,14,5,4,1,1,4,1,1,12,7,5,1,14,0,4,1
52406131,1,,52406121,15,7,8,1,1,0,20,10,10,12,7,5,19,9,10,8,3,5,5,1,4,0,0,0,6,6,3,1,1,0,0,1,1,4,2,2,0,5,0,2,0
52406133,2,52406142,,7,3,4,*,*,*,*,*,*,*,*,*,*,*,*,*,*,*,*,*,*,*,*,*,4,4,*,*,*,*,*,*,*,*,*,*,*,*,*,*,*
52406135,2,52406125,,7,3,4,*,*,*,*,*,*,*,*,*,*,*,*,*,*,*,*,*,*,*,*,*,3,3,*,*,*,*,*,*,*,*,*,*,*,*,*,*,*
52406138,2,52406148,,7,3,4,*,*,*,*,*,*,*,*,*,*,*,*,*,*,*,*,*,*,*,*,*,3,3,*,*,*,*,*,*,*,*,*,*,*,*,*,*,*
52406142,1,,52406133,2,1,1,0,0,0,9,4,5,4,2,2,9,4,5,5,2,3,4,2,2,0,0,0,1,1,1,4,0,0,0,0,0,4,3,1,0,3,0,1,2
52406147,0,,,31,14,17,1,0,1,30,14,16,21,9,12,26,13,13,9,5,4,5,2,3,0,0,0,8,8,1,2,1,0,2,1,1,7,3,4,1,6,0,1,1
52406148,1,,52406138;52406149,49,25,24,5,3,2,59,29,30,33,16,17,57,28,29,26,13,13,14,7,7,0,0,0,18,18,4,7,7,2,1,2,0,19,13,6,1,15,0,1,4
52406149,2,52406148,,8,4,4,*,*,*,*,*,*,*,*,*,*,*,*,*,*,*,*,*,*,*,*,*,2,2,*,*,*,*,*,*,*,*,*,*,*,*,*,*,*
52406151,2,52406152,,8,3,5,*,*,*,*,*,*,*,*,*,*,*,*,*,*,*,*,*,*,*,*,*,2,2,*,*,*,*,*,*,*,*,*,*,*,*,*,*,*
52406152,1,,52406151,15,9,6,2,1,1,21,11,10,13,7,6,20,11,9,8,4,4,4,1,3,0,0,0,6,6,2,3,0,1,1,1,0,6,4,2,0,6,0,1,1
52406154,0,,,88,42,46,4,1,3,84,41,43,53,31,22,82,40,42,31,10,21,24,8,16,0,0,0,33,33,9,7,8,4,5,0,0,23,14,9,0,23,0,7,1
52406155,0,,,20,11,9,0,0,0,20,11,9,7,5,2,20,11,9,13,6,7,9,3,6,0,0,0,10,10,4,3,2,1,0,0,0,6,5,1,0,8,0,3,2
52406157,0,,,44,24,20,5,5,0,39,19,20,23,12,11,38,18,20,16,7,9,6,2,4,0,0,0,12,12,0,2,6,2,0,1,1,12,8,4,0,10,0,0,1
52406158,0,,,27,15,12,0,0,0,27,15,12,13,6,7,27,15,12,14,9,5,7,6,1,0,0,0,11,11,3,4,1,2,1,0,0,8,5,3,0,11,0,3,3
52406160,0,,,111,55,56,7,3,4,104,52,52,51,29,22,99,49,50,53,23,30,35,15,20,0,0,0,45,45,9,19,10,5,0,1,1,36,28,8,2,35,0,6,11
52406161,0,,,17,8,9,1,1,0,16,7,9,10,5,5,15,7,8,6,2,4,3,0,3,0,0,0,7,7,1,4,0,2,0,0,0,6,5,1,0,5,0,1,1
52406162,1,,52406163,16,7,9,0,0,0,20,9,11,8,4,4,20,9,11,12,5,7,8,2,6,0,0,0,8,8,5,1,3,1,0,0,0,5,2,3,0,8,0,3,0
52406163,2,52406162,,4,2,2,*,*,*,*,*,*,*,*,*,*,*,*,*,*,*,*,*,*,*,*,*,2,2,*,*,*,*,*,*,*,*,*,*,*,*,*,*,*
52406164,0,,,51,30,21,3,3,0,48,27,21,26,16,10,47,26,21,22,11,11,5,2,3,0,0,0,25,25,9,10,4,1,0,1,0,16,11,5,1,16,1,4,2
52406166,0,,,29,14,15,3,1,2,26,13,13,15,7,8,24,13,11,11,6,5,5,3,2,0,0,0,9,9,2,4,0,0,1,0,2,7,4,3,1,7,0,0,4
52406167,0,,,14,7,7,0,0,0,14,7,7,7,3,4,14,7,7,7,4,3,4,1,3,0,0,0,6,6,1,2,3,0,0,0,0,5,3,2,0,5,0,1,0
52406168,0,,,54,27,27,4,2,2,50,25,25,29,13,16,47,24,23,21,12,9,12,8,4,2,1,1,21,21,5,8,3,3,0,2,0,16,14,2,1,13,0,3,5
52406170,0,,,32,17,15,0,0,0,32,17,15,15,9,6,31,16,15,17,8,9,12,5,7,0,0,0,17,17,8,6,0,3,0,0,0,8,6,2,0,14,0,7,1
52406172,0,,,99,50,49,8,6,2,91,44,47,54,29,25,90,44,46,37,15,22,22,9,13,0,0,0,35,35,7,12,4,7,2,3,0,28,16,12,1,23,0,4,4
52406173,0,,,28,13,15,0,0,0,28,13,15,17,9,8,26,13,13,11,4,7,4,1,3,0,0,0,11,11,1,7,2,0,0,0,1,10,8,2,0,7,0,1,2
52406174,0,,,107,55,52,9,8,1,98,47,51,48,22,26,89,43,46,50,25,25,32,18,14,0,0,0,42,42,14,11,6,4,5,2,0,28,20,8,1,31,0,9,9
52406176,0,,,41,20,21,6,4,2,35,16,19,24,12,12,33,16,17,11,4,7,5,2,3,0,0,0,14,14,3,2,4,3,2,0,0,11,6,5,1,9,0,2,1
52406177,0,,,53,29,24,3,2,1,50,27,23,30,21,9,50,27,23,20,6,14,15,5,10,1,0,1,16,16,1,4,4,4,2,1,0,15,8,7,0,12,0,0,0
52406178,0,,,23,14,9,6,5,1,17,9,8,10,6,4,17,9,8,7,3,4,6,2,4,0,0,0,9,9,2,3,1,3,0,0,0,7,7,0,2,5,0,1,1
52406179,2,52406189,,10,5,5,*,*,*,*,*,*,*,*,*,*,*,*,*,*,*,*,*,*,*,*,*,3,3,*,*,*,*,*,*,*,*,*,*,*,*,*,*,*
52406183,0,,,127,64,63,10,5,5,117,59,58,66,36,30,117,59,58,51,23,28,29,11,18,0,0,0,48,48,10,17,12,3,2,3,1,38,25,13,3,35,0,7,8
52406184,1,,52406185,32,16,16,3,2,1,35,16,19,24,13,11,33,16,17,11,3,8,8,2,6,0,0,0,12,12,4,2,4,2,2,0,0,9,5,4,1,10,0,3,0
52406185,2,52406184,,6,2,4,*,*,*,*,*,*,*,*,*,*,*,*,*,*,*,*,*,*,*,*,*,2,2,*,*,*,*,*,*,*,*,*,*,*,*,*,*,*
52406186,0,,,89,45,44,2,1,1,87,44,43,48,26,22,84,43,41,39,18,21,24,12,12,0,0,0,39,39,12,13,9,3,0,2,0,27,20,7,1,27,0,7,7
52406187,2,52406188,,10,5,5,*,*,*,*,*,*,*,*,*,*,*,*,*,*,*,*,*,*,*,*,*,3,3,*,*,*,*,*,*,*,*,*,*,*,*,*,*,*
52406188,1,,52406187,104,50,54,10,6,4,104,49,55,58,30,28,100,47,53,46,19,27,30,10,20,0,0,0,39,39,8,15,10,3,3,2,1,33,23,10,0,32,0,7,8
52406189,1,,52406179,142,72,70,10,8,2,142,69,73,84,43,41,134,65,69,58,26,32,28,12,16,1,0,1,41,41,5,11,8,7,6,6,1,39,19,20,2,37,0,4,4
52406192,0,,,65,30,35,2,1,1,63,29,34,39,18,21,60,28,32,24,11,13,10,3,7,0,0,0,22,22,2,7,6,5,1,1,0,20,13,7,1,15,0,2,4
52406193,1,,52406194,129,60,69,7,4,3,128,59,69,73,33,40,122,58,64,55,26,29,31,10,21,2,2,0,54,54,19,20,7,6,4,2,0,39,30,9,1,39,0,10,12
52406194,2,52406193,,7,4,3,*,*,*,*,*,*,*,*,*,*,*,*,*,*,*,*,*,*,*,*,*,4,4,*,*,*,*,*,*,*,*,*,*,*,*,*,*,*
52406195,0,,,61,30,31,6,2,4,55,28,27,30,16,14,52,27,25,25,12,13,13,6,7,0,0,0,20,20,3,5,5,3,3,1,0,17,11,6,1,15,0,2,3
52406196,0,,,119,59,60,12,8,4,107,51,56,55,26,29,105,49,56,52,25,27,24,8,16,0,0,0,41,41,7,14,9,6,1,2,2,34,24,10,4,32,0,6,9
52406197,0,,,46,25,21,5,4,1,41,21,20,22,14,8,40,20,20,19,7,12,13,3,10,0,0,0,20,20,8,6,2,2,1,0,1,12,7,5,2,13,0,5,3
52406198,0,,,219,113,106,2,2,0,217,111,106,127,66,61,213,110,103,90,45,45,53,23,30,1,0,1,76,76,11,25,15,17,4,3,1,65,37,28,1,61,0,6,12
52406199,0,,,178,85,93,13,6,7,164,78,86,95,45,50,160,77,83,69,33,36,42,18,24,0,0,0,63,63,14,19,11,9,6,2,2,49,27,22,6,46,0,8,13
52406200,0,,,49,24,25,1,0,1,48,24,24,24,13,11,47,24,23,24,11,13,14,5,9,0,0,0,17,17,2,7,4,1,1,2,0,15,9,6,1,15,0,2,5
52406201,0,,,140,77,63,9,4,5,131,73,58,62,37,25,128,70,58,69,36,33,36,18,18,1,0,1,61,61,20,22,10,2,5,1,1,41,31,10,3,47,1,13,14
52406202,0,,,10,4,6,0,0,0,10,4,6,6,2,4,10,4,6,4,2,2,2,1,1,0,0,0,4,4,2,1,0,0,0,1,0,2,1,1,0,3,0,1,1
52406203,0,,,79,42,37,1,1,0,78,41,37,50,31,19,71,34,37,28,10,18,16,4,12,1,0,1,40,40,24,4,5,4,2,1,0,16,6,10,0,18,10,6,2
52406204,0,,,285,200,85,15,8,7,269,192,77,207,161,46,224,153,71,62,31,31,34,15,19,2,2,0,179,179,128,23,16,5,3,2,2,50,35,15,2,43,68,10,10
52406205,2,52406206,,6,2,4,*,*,*,*,*,*,*,*,*,*,*,*,*,*,*,*,*,*,*,*,*,3,3,*,*,*,*,*,*,*,*,*,*,*,*,*,*,*
52406206,1,,52406205,282,176,106,15,9,6,273,169,104,168,122,46,240,140,100,105,47,58,65,25,40,1,0,1,153,152,108,24,13,6,2,0,2,47,41,6,4,47,48,18,10
52406207,0,,,16,11,5,2,2,0,14,9,5,9,6,3,14,9,5,5,3,2,2,1,1,0,0,0,8,8,4,1,2,1,0,0,0,4,4,0,0,3,1,1,1
52406210,0,,,49,25,24,4,1,3,45,24,21,25,15,10,42,22,20,20,9,11,7,2,5,0,0,0,18,18,5,6,2,2,1,1,1,13,7,6,1,11,0,4,1
52406211,0,,,28,15,13,1,0,1,27,15,12,16,11,5,25,13,12,11,4,7,9,3,6,0,0,0,11,11,3,3,2,2,1,0,0,8,6,2,0,7,0,1,1
52406212,0,,,10,5,5,0,0,0,10,5,5,8,4,4,10,5,5,2,1,1,2,1,1,0,0,0,4,4,1,0,3,0,0,0,0,3,2,1,0,2,0,1,0
52406213,0,,,105,58,47,10,3,7,95,55,40,68,41,27,90,51,39,27,14,13,11,3,8,1,0,1,50,50,24,11,7,5,2,0,1,26,16,10,2,21,17,2,5
52406214,0,,,32,23,9,0,0,0,32,23,9,25,19,6,27,18,9,7,4,3,3,1,2,0,0,0,22,22,16,2,4,0,0,0,0,6,4,2,0,6,10,0,1
52406216,0,,,83,39,44,10,4,6,73,35,38,30,14,16,72,35,37,43,21,22,17,9,8,2,1,1,36,36,7,20,3,3,3,0,0,29,26,3,4,26,0,5,17
52406217,0,,,770,369,401,36,21,15,734,348,386,305,140,165,719,339,380,429,208,221,187,89,98,3,1,2,359,359,94,189,36,23,8,5,4,261,216,45,7,283,1,68,117
52406218,0,,,116,67,49,10,8,2,106,59,47,64,38,26,100,56,44,42,21,21,14,7,7,2,2,0,54,54,24,12,9,6,1,2,0,30,25,5,3,30,2,13,7
52406219,0,,,499,239,260,38,19,19,461,220,241,254,127,127,434,206,228,207,93,114,98,40,58,2,1,1,186,186,43,62,34,22,13,8,4,141,88,53,10,141,1,25,35
52406220,0,,,98,48,50,13,7,6,85,41,44,47,26,21,83,39,44,38,15,23,20,8,12,0,0,0,36,36,10,12,5,2,4,0,3,26,17,9,5,26,0,8,7
52406221,0,,,134,62,72,17,7,10,117,55,62,63,30,33,113,53,60,54,25,29,28,11,17,0,0,0,37,37,1,15,7,5,1,2,6,36,21,15,3,34,0,0,10
52406222,0,,,101,46,55,4,2,2,97,44,53,57,28,29,92,40,52,40,16,24,22,6,16,0,0,0,37,37,7,13,5,7,5,0,0,30,19,11,2,30,0,5,8
52406223,0,,,249,122,127,22,7,15,227,115,112,139,74,65,222,113,109,88,41,47,41,17,24,5,0,5,100,100,35,26,20,4,9,3,3,65,46,19,6,61,15,13,14
52406225,2,52406226,,10,3,7,*,*,*,*,*,*,*,*,*,*,*,*,*,*,*,*,*,*,*,*,*,4,4,*,*,*,*,*,*,*,*,*,*,*,*,*,*,*
52406226,1,,52406225,286,140,146,10,5,5,286,138,148,99,44,55,284,137,147,187,94,93,79,39,40,0,0,0,143,143,33,91,13,8,2,0,0,113,105,8,1,113,0,25,70
52406227,0,,,859,375,484,54,27,27,805,348,457,277,128,149,786,338,448,528,220,308,297,112,185,3,0,3,343,342,80,181,50,20,8,1,2,260,238,22,18,251,4,63,133
52406228,0,,,1984,945,1039,134,66,68,1847,878,969,926,459,467,1778,843,935,921,419,502,482,203,279,9,1,8,870,869,276,337,116,80,36,14,10,583,467,116,30,614,6,188,179
52406229,0,,,752,345,407,52,21,31,700,324,376,378,190,188,671,306,365,322,134,188,168,63,105,1,0,1,306,306,91,95,54,39,13,10,4,213,154,59,12,224,4,68,48
52406231,0,,,89,46,43,8,7,1,81,39,42,46,25,21,73,35,38,35,14,21,22,8,14,1,1,0,33,33,7,8,8,8,2,0,0,26,19,7,2,23,0,7,6
52406232,0,,,166,86,80,5,3,2,161,83,78,85,48,37,156,80,76,76,35,41,41,16,25,1,0,1,70,70,15,27,19,7,1,0,1,55,41,14,0,50,0,11,15
52406233,0,,,372,163,209,27,14,13,345,149,196,162,82,80,332,145,187,183,67,116,133,43,90,4,3,1,105,104,23,33,24,10,7,6,1,81,62,19,4,62,1,16,13
52406235,0,,,75,35,40,16,10,6,59,25,34,26,8,18,56,24,32,33,17,16,11,5,6,0,0,0,24,24,3,11,3,3,2,0,2,21,16,5,3,19,0,2,9
52406236,0,,,93,45,48,5,3,2,88,42,46,43,22,21,82,37,45,45,20,25,24,8,16,0,0,0,33,33,5,10,11,3,2,1,1,28,20,8,1,27,0,5,5
52406237,0,,,84,40,44,4,3,1,80,37,43,39,19,20,72,33,39,41,18,23,22,11,11,0,0,0,37,37,10,19,2,3,2,0,1,27,23,4,1,27,0,6,14
52406238,0,,,789,371,418,77,41,36,712,330,382,457,224,233,671,311,360,255,106,149,109,44,65,1,0,1,324,324,95,99,64,40,16,6,4,224,186,38,21,176,0,57,50
52406239,0,,,73,35,38,7,5,2,66,30,36,42,20,22,64,30,34,24,10,14,12,3,9,1,0,1,35,35,15,12,3,3,0,1,1,20,17,3,2,20,3,9,4
52406241,0,,,329,166,163,30,14,16,299,152,147,175,94,81,283,144,139,124,58,66,65,26,39,0,0,0,129,129,38,37,23,17,7,4,3,91,61,30,6,86,0,21,21
52406242,0,,,160,63,97,8,4,4,152,59,93,46,24,22,149,58,91,106,35,71,76,19,57,0,0,0,42,40,9,16,8,1,3,2,1,31,23,8,2,34,1,7,11
52406243,0,,,13,8,5,1,1,0,12,7,5,9,6,3,12,7,5,3,1,2,1,0,1,0,0,0,7,7,3,2,2,0,0,0,0,4,4,0,0,2,0,0,1
52406245,2,52406255,,4,2,2,*,*,*,*,*,*,*,*,*,*,*,*,*,*,*,*,*,*,*,*,*,2,2,*,*,*,*,*,*,*,*,*,*,*,*,*,*,*
52406246,0,,,159,72,87,6,3,3,153,69,84,80,38,42,147,67,80,73,31,42,29,7,22,1,0,1,61,61,15,20,12,6,5,2,1,45,31,14,1,49,0,11,11
52406247,0,,,80,38,42,3,1,2,77,37,40,39,20,19,75,36,39,38,17,21,22,10,12,0,0,0,34,34,8,15,5,3,3,0,0,26,20,6,1,25,0,5,7
52406248,0,,,202,81,121,14,8,6,188,73,115,69,33,36,182,71,111,119,40,79,83,23,60,1,1,0,64,63,17,25,5,12,3,0,1,46,40,6,3,43,0,13,20
52406249,0,,,260,128,132,13,8,5,246,120,126,105,53,52,245,120,125,141,67,74,62,34,28,2,0,2,130,130,36,72,11,8,3,0,0,92,87,5,4,90,0,20,46
52406250,0,,,32,17,15,0,0,0,32,17,15,23,14,9,31,16,15,9,3,6,4,1,3,0,0,0,11,11,2,2,4,1,2,0,0,9,4,5,0,5,0,0,0
52406251,0,,,259,127,132,30,17,13,229,110,119,136,69,67,216,101,115,93,41,52,52,19,33,0,0,0,83,83,17,25,16,8,3,5,9,66,38,28,5,63,0,15,7
52406252,0,,,28,12,16,0,0,0,28,12,16,15,9,6,27,12,15,13,3,10,6,1,5,0,0,0,13,13,5,4,2,1,1,0,0,8,5,3,0,11,0,4,2
52406254,0,,,20,12,8,0,0,0,20,12,8,11,7,4,20,12,8,9,5,4,1,0,1,3,3,0,10,9,5,2,1,1,0,0,0,4,3,1,0,4,2,0,2
52406255,1,,52406245,36,18,18,3,0,3,37,20,17,18,9,9,35,19,16,19,11,8,11,6,5,0,0,0,14,14,5,5,1,4,0,1,0,11,7,4,0,12,0,3,4
52406256,0,,,113,50,63,7,0,7,106,50,56,47,21,26,105,49,56,59,29,30,35,17,18,0,0,0,40,40,7,12,9,6,5,1,0,33,17,16,2,33,0,4,8
52406257,0,,,286,148,138,27,17,10,259,131,128,149,78,71,250,125,125,110,53,57,42,20,22,3,1,2,103,103,18,42,15,11,11,2,4,84,57,27,6,73,0,12,21
52406258,0,,,26,14,12,2,2,0,24,12,12,9,5,4,24,12,12,15,7,8,4,0,4,1,1,0,12,12,5,4,0,2,1,0,0,7,5,2,1,10,0,4,3
52406259,0,,,385,184,201,17,9,8,368,175,193,134,60,74,362,172,190,234,115,119,109,51,58,5,2,3,190,190,52,108,11,15,2,1,1,137,120,17,5,155,0,45,74
52406260,0,,,45,26,19,1,0,1,44,26,18,28,18,10,42,25,17,16,8,8,12,6,6,0,0,0,17,17,3,4,8,0,2,0,0,14,10,4,0,11,0,2,1
52406261,0,,,136,71,65,9,3,6,127,68,59,74,41,33,125,66,59,53,27,26,20,9,11,0,0,0,53,53,15,17,11,5,0,2,3,38,27,11,3,35,0,8,8
52406262,0,,,60,28,32,0,0,0,60,28,32,25,11,14,58,27,31,35,17,18,15,8,7,0,0,0,26,26,6,9,8,3,0,0,0,20,15,5,0,20,1,4,8
52406263,0,,,84,42,42,3,2,1,81,40,41,48,25,23,74,38,36,33,15,18,18,7,11,1,0,1,35,34,10,12,5,3,3,0,1,24,17,7,1,22,1,4,10
52406264,1,,52406265,51,15,36,0,0,0,53,16,37,30,10,20,51,15,36,23,6,17,11,3,8,0,0,0,34,14,1,11,2,1,0,0,0,14,12,2,0,7,0,0,3
52406265,2,52406264,,2,1,1,*,*,*,*,*,*,*,*,*,*,*,*,*,*,*,*,*,*,*,*,*,1,1,*,*,*,*,*,*,*,*,*,*,*,*,*,*,*
52406266,0,,,11,5,6,0,0,0,11,5,6,4,2,2,11,5,6,7,3,4,5,2,3,0,0,0,5,5,0,4,1,0,0,0,0,5,5,0,0,4,0,0,3
52406267,0,,,220,112,108,24,15,9,196,97,99,109,58,51,190,93,97,87,39,48,38,15,23,1,0,1,84,84,15,35,14,11,5,4,0,68,48,20,5,61,0,13,17
52406268,0,,,89,42,47,2,0,2,87,42,45,48,27,21,85,41,44,39,15,24,27,10,17,0,0,0,39,39,13,12,8,3,2,1,0,26,18,8,0,25,1,7,5
52406269,0,,,9,4,5,0,0,0,9,4,5,2,1,1,9,4,5,7,3,4,4,2,2,0,0,0,4,4,1,2,0,1,0,0,0,3,2,1,0,3,0,0,2
52406270,0,,,88,40,48,7,4,3,81,36,45,47,22,25,77,34,43,34,14,20,19,8,11,1,0,1,32,32,7,6,11,5,2,1,0,25,12,13,2,25,0,4,4
52406271,0,,,136,66,70,7,3,4,129,63,66,74,40,34,125,61,64,55,23,32,30,10,20,0,0,0,49,49,9,15,15,3,4,2,1,40,24,16,4,36,0,5,7
52406272,0,,,168,61,107,5,5,0,163,56,107,46,27,19,160,55,105,117,29,88,97,21,76,0,0,0,34,33,12,7,4,5,1,2,2,21,12,9,0,25,0,7,5
52406275,2,52406285,,2,1,1,*,*,*,*,*,*,*,*,*,*,*,*,*,*,*,*,*,*,*,*,*,1,1,*,*,*,*,*,*,*,*,*,*,*,*,*,*,*
52406276,2,52406285,,9,5,4,*,*,*,*,*,*,*,*,*,*,*,*,*,*,*,*,*,*,*,*,*,4,4,*,*,*,*,*,*,*,*,*,*,*,*,*,*,*
52406277,0,,,115,58,57,6,3,3,109,55,54,56,31,25,103,52,51,53,24,29,32,12,20,0,0,0,44,44,14,7,13,4,4,2,0,30,16,14,0,38,1,12,6
52406278,0,,,125,65,60,17,12,5,108,53,55,56,30,26,107,53,54,52,23,29,13,5,8,0,0,0,45,45,6,18,12,4,1,2,2,39,32,7,4,32,0,5,9
52406279,0,,,40,20,20,2,2,0,38,18,20,21,10,11,38,18,20,17,8,9,8,3,5,0,0,0,17,17,5,5,4,2,1,0,0,12,7,5,1,13,0,4,2
52406280,0,,,30,14,16,1,1,0,29,13,16,18,7,11,27,12,15,11,6,5,4,3,1,1,1,0,12,12,4,2,4,1,0,1,0,7,2,5,0,9,1,2,0
52406284,2,52406285,,6,3,3,*,*,*,*,*,*,*,*,*,*,*,*,*,*,*,*,*,*,*,*,*,2,2,*,*,*,*,*,*,*,*,*,*,*,*,*,*,*
52406285,1,,52406275;52406276;52406284,55,29,26,3,1,2,69,37,32,34,20,14,67,36,31,35,17,18,18,8,10,1,1,0,24,24,11,9,3,6,2,0,0,18,13,5,2,25,0,10,5
52406287,0,,,33,17,16,0,0,0,33,17,16,18,9,9,31,16,15,15,8,7,11,5,6,0,0,0,12,12,1,5,3,2,1,0,0,11,10,1,0,10,0,1,4
52406288,0,,,99,46,53,3,0,3,96,46,50,51,26,25,96,46,50,45,20,25,25,10,15,0,0,0,42,42,11,13,11,6,1,0,0,31,22,9,1,32,0,7,8
52406289,0,,,205,73,132,5,4,1,200,69,131,72,33,39,199,69,130,128,36,92,91,17,74,1,0,1,47,46,8,12,15,6,2,3,0,38,26,12,1,33,0,6,7
52406290,0,,,238,116,122,20,10,10,218,106,112,121,63,58,205,100,105,97,43,54,56,20,36,1,0,1,84,84,20,27,12,9,8,4,4,64,38,26,4,66,0,16,15
52406291,0,,,211,71,140,9,5,4,202,66,136,199,64,135,136,51,85,3,2,1,0,0,0,11,4,7,51,48,28,9,9,2,0,0,0,20,20,0,3,3,10,0,1
52406292,0,,,10,5,5,0,0,0,10,5,5,6,3,3,10,5,5,4,2,2,3,1,2,0,0,0,4,4,1,1,1,1,0,0,0,3,2,1,0,2,1,0,1
52406293,0,,,22,10,12,2,1,1,20,9,11,11,5,6,19,9,10,9,4,5,7,3,4,0,0,0,6,6,1,1,1,2,0,0,1,5,3,2,1,5,0,1,1
52406294,0,,,22,10,12,0,0,0,22,10,12,14,6,8,21,9,12,8,4,4,2,1,1,0,0,0,6,6,0,2,1,1,1,1,0,6,5,1,0,4,0,0,2
52406295,0,,,195,79,116,10,6,4,185,73,112,53,29,24,184,73,111,132,44,88,100,29,71,0,0,0,47,43,11,15,7,6,2,2,0,30,21,9,3,33,0,8,11
52406296,0,,,27,14,13,0,0,0,27,14,13,16,8,8,25,13,12,11,6,5,5,3,2,0,0,0,9,9,0,5,2,1,0,0,1,9,8,1,0,6,0,0,4
52406297,0,,,178,93,85,13,9,4,165,84,81,97,58,39,162,82,80,68,26,42,50,17,33,0,0,0,67,67,11,27,16,5,5,1,2,56,43,13,3,48,0,6,9
52406298,0,,,40,20,20,3,2,1,37,18,19,18,9,9,36,18,18,19,9,10,9,4,5,0,0,0,15,15,3,5,3,3,0,1,0,12,8,4,1,12,0,2,4
52406299,0,,,100,47,53,5,3,2,95,44,51,55,26,29,91,42,49,40,18,22,24,10,14,1,0,1,40,40,8,15,9,6,1,1,0,32,23,9,2,30,0,7,7
52406330,0,,,30,16,14,4,2,2,26,14,12,16,8,8,26,14,12,10,6,4,8,4,4,0,0,0,10,10,1,5,2,1,0,0,1,9,7,2,1,7,0,1,1
52406340,0,,,56,31,25,6,5,1,50,26,24,31,18,13,46,23,23,19,8,11,7,3,4,1,1,0,23,23,8,7,2,2,4,0,0,15,12,3,1,12,0,4,4
52406341,0,,,124,58,66,7,3,4,117,55,62,69,38,31,112,52,60,48,17,31,27,7,20,0,0,0,53,53,23,10,10,3,3,4,0,30,18,12,2,37,0,13,6
52406350,0,,,119,58,61,10,3,7,109,55,54,65,36,29,105,54,51,44,19,25,19,6,13,1,0,1,45,45,8,21,6,4,3,1,2,37,28,9,2,30,1,4,12
52406351,0,,,73,33,40,1,0,1,72,33,39,36,17,19,69,32,37,36,16,20,23,11,12,3,0,3,35,35,12,15,2,5,1,0,0,23,17,6,0,25,0,7,12
52406360,0,,,596,287,309,47,23,24,548,263,285,308,160,148,529,254,275,240,103,137,116,40,76,1,0,1,219,219,38,79,57,18,16,3,8,178,129,49,10,161,0,32,47
52406361,0,,,177,87,90,11,6,5,166,81,85,84,44,40,165,80,85,82,37,45,48,19,29,1,1,0,74,74,23,23,11,11,5,1,0,51,32,19,4,54,0,15,13
52406370,0,,,288,148,140,28,14,14,260,134,126,145,81,64,250,130,120,115,53,62,55,25,30,0,0,0,107,107,27,39,14,12,6,4,5,80,61,19,4,73,0,15,24
52406371,0,,,227,111,116,13,8,5,214,103,111,127,67,60,206,101,105,87,36,51,48,18,30,2,1,1,87,87,19,28,22,8,6,4,0,68,51,17,5,62,0,14,14
52406380,0,,,101,43,58,5,2,3,96,41,55,50,25,25,92,38,54,46,16,30,20,7,13,1,0,1,50,50,23,16,5,2,2,1,1,26,20,6,2,40,0,22,8
52406381,0,,,1207,587,620,129,61,68,1073,523,550,669,332,337,1012,488,524,404,191,213,184,80,104,21,9,12,479,479,123,164,85,64,27,8,8,351,284,67,29,274,14,60,92
52406382,0,,,59,32,27,4,4,0,55,28,27,26,13,13,54,28,26,29,15,14,10,5,5,1,1,0,29,29,10,13,2,3,1,0,0,19,18,1,2,18,2,5,10
52406390,0,,,882,434,448,132,70,62,750,364,386,485,244,241,706,347,359,265,120,145,131,61,70,1,0,1,335,335,80,102,72,43,23,11,4,251,213,38,34,169,6,38,59
52406391,0,,,2107,1016,1091,217,99,118,1886,915,971,1125,582,543,1804,874,930,761,333,428,383,158,225,67,26,41,854,854,242,275,159,102,42,22,12,602,465,137,55,514,30,126,133
52406392,0,,,385,197,188,36,26,10,349,171,178,227,116,111,330,163,167,122,55,67,53,20,33,2,0,2,156,156,43,49,31,21,7,4,1,111,89,22,8,84,0,19,30
52407000,0,,,158,80,78,14,9,5,143,70,73,86,43,43,141,70,71,57,27,30,34,16,18,0,0,0,62,62,17,17,14,9,3,0,2,45,32,13,3,37,0,7,8
52407003,0,,,245,119,126,9,6,3,236,113,123,125,64,61,226,106,120,111,49,62,54,19,35,0,0,0,87,87,19,26,19,7,9,5,2,68,40,28,1,70,0,14,12
52407004,0,,,776,250,526,15,6,9,761,244,517,131,65,66,754,243,511,630,179,451,533,131,402,1,0,1,109,103,27,37,20,7,9,2,1,76,56,20,3,77,2,15,21
52407005,0,,,114,54,60,5,3,2,109,51,58,66,36,30,105,48,57,43,15,28,29,9,20,0,0,0,42,42,9,13,8,7,3,2,0,33,18,15,1,32,0,6,6
52407008,2,52407029,,1,0,1,*,*,*,*,*,*,*,*,*,*,*,*,*,*,*,*,*,*,*,*,*,1,1,*,*,*,*,*,*,*,*,*,*,*,*,*,*,*
52407010,0,,,308,121,187,1,1,0,307,120,187,28,17,11,305,120,185,279,103,176,241,78,163,0,0,0,17,16,2,7,6,0,0,1,0,14,12,2,0,12,0,1,3
52407013,0,,,30,17,13,2,1,1,28,16,12,14,8,6,28,16,12,14,8,6,6,5,1,0,0,0,11,11,3,3,2,2,0,0,1,8,4,4,0,9,0,2,2
52407014,0,,,133,61,72,8,4,4,125,57,68,68,33,35,118,53,65,57,24,33,29,13,16,0,0,0,45,45,9,11,12,7,3,1,2,35,26,9,1,34,0,5,7
52407015,0,,,52,21,31,1,1,0,51,20,31,29,13,16,46,17,29,22,7,15,12,3,9,0,0,0,23,23,9,7,2,3,1,1,0,14,11,3,0,16,0,6,4
52407019,2,52407029,,9,6,3,*,*,*,*,*,*,*,*,*,*,*,*,*,*,*,*,*,*,*,*,*,4,4,*,*,*,*,*,*,*,*,*,*,*,*,*,*,*
52407020,0,,,13,6,7,2,1,1,11,5,6,6,3,3,11,5,6,5,2,3,2,1,1,0,0,0,6,6,2,2,1,1,0,0,0,4,4,0,1,4,0,2,0
52407023,0,,,114,60,54,10,5,5,102,53,49,64,37,27,99,52,47,38,16,22,15,5,10,4,2,2,48,48,13,18,10,4,2,0,1,35,30,5,2,26,0,5,7
52407024,0,,,165,81,84,8,3,5,157,78,79,94,50,44,149,72,77,63,28,35,31,12,19,1,0,1,56,56,7,15,20,8,3,2,1,49,33,16,0,43,0,6,8
52407025,0,,,183,85,98,14,6,8,169,79,90,92,46,46,164,77,87,77,33,44,36,12,24,0,0,0,72,72,9,35,15,9,2,1,1,63,49,14,3,51,0,5,19
52407027,0,,,12,6,6,0,0,0,12,6,6,6,3,3,10,5,5,6,3,3,3,2,1,0,0,0,4,4,1,1,1,0,0,1,0,3,2,1,0,3,0,0,1
52407029,1,,52407008;52407019;52407039,56,22,34,2,0,2,66,29,37,45,25,20,64,29,35,21,4,17,14,1,13,0,0,0,21,21,8,9,6,3,0,1,1,20,12,8,1,18,0,3,1
52407031,2,52407032,,4,2,2,*,*,*,*,*,*,*,*,*,*,*,*,*,*,*,*,*,*,*,*,*,2,2,*,*,*,*,*,*,*,*,*,*,*,*,*,*,*
52407032,1,,52407031;52407042,52,23,29,5,0,5,53,25,28,22,8,14,52,25,27,31,17,14,19,9,10,0,0,0,26,26,9,13,6,0,1,0,0,20,20,0,2,20,0,6,8
52407033,0,,,71,40,31,4,3,1,67,37,30,39,22,17,63,34,29,28,15,13,10,5,5,8,5,3,28,28,8,8,7,1,3,0,1,20,17,3,1,19,0,5,6
52407034,1,,52407043,54,28,26,4,0,4,58,31,27,32,20,12,58,31,27,26,11,15,12,4,8,0,0,0,24,24,7,8,5,6,0,0,0,19,14,5,0,15,0,3,3
52407035,0,,,231,121,110,12,6,6,219,115,104,139,85,54,212,111,101,80,30,50,45,15,30,1,0,1,95,95,28,29,16,14,7,1,0,67,44,23,3,61,0,16,12
52407036,0,,,144,70,74,14,5,9,130,65,65,74,43,31,127,64,63,56,22,34,27,10,17,0,0,0,49,49,8,13,14,8,2,2,2,40,30,10,3,34,0,4,7
52407037,0,,,133,62,71,3,2,1,130,60,70,77,40,37,124,57,67,53,20,33,28,7,21,0,0,0,46,46,10,13,3,12,8,0,0,36,18,18,0,38,0,7,7
52407038,0,,,23,11,12,1,0,1,22,11,11,14,7,7,18,10,8,8,4,4,5,4,1,0,0,0,7,7,0,4,0,1,1,1,0,7,4,3,0,6,0,0,1
52407039,2,52407029,,3,2,1,*,*,*,*,*,*,*,*,*,*,*,*,*,*,*,*,*,*,*,*,*,2,2,*,*,*,*,*,*,*,*,*,*,*,*,*,*,*
52407041,0,,,25,14,11,2,1,1,23,13,10,14,10,4,23,13,10,9,3,6,7,2,5,0,0,0,7,7,1,0,1,4,1,0,0,6,2,4,1,5,0,0,0
52407042,2,52407032,,2,0,2,*,*,*,*,*,*,*,*,*,*,*,*,*,*,*,*,*,*,*,*,*,1,1,*,*,*,*,*,*,*,*,*,*,*,*,*,*,*
52407043,2,52407034,,8,3,5,*,*,*,*,*,*,*,*,*,*,*,*,*,*,*,*,*,*,*,*,*,2,2,*,*,*,*,*,*,*,*,*,*,*,*,*,*,*
52407044,0,,,200,100,100,20,12,8,180,88,92,125,61,64,169,82,87,55,27,28,21,8,13,4,2,2,74,74,13,28,15,7,9,1,1,60,45,15,4,41,2,8,9
52407045,0,,,225,117,108,14,10,4,211,107,104,120,65,55,203,104,99,91,42,49,44,19,25,0,0,0,87,87,15,39,15,8,6,3,1,72,53,19,2,57,0,3,23
52407046,1,,52407047,234,114,120,29,13,16,207,103,104,121,62,59,202,99,103,86,41,45,43,17,26,1,0,1,85,85,16,31,17,10,8,1,3,70,53,17,8,61,0,12,17
52407047,2,52407046,,2,2,0,*,*,*,*,*,*,*,*,*,*,*,*,*,*,*,*,*,*,*,*,*,1,1,*,*,*,*,*,*,*,*,*,*,*,*,*,*,*
52407048,0,,,13,6,7,0,0,0,13,6,7,7,3,4,13,6,7,6,3,3,3,1,2,0,0,0,4,4,0,1,2,0,1,0,0,4,3,1,0,4,0,0,1
52407049,0,,,13,7,6,0,0,0,13,7,6,7,4,3,12,6,6,6,3,3,3,1,2,1,1,0,6,6,2,2,1,1,0,0,0,4,3,1,0,4,0,0,2
52407050,2,52407060,,4,2,2,*,*,*,*,*,*,*,*,*,*,*,*,*,*,*,*,*,*,*,*,*,2,2,*,*,*,*,*,*,*,*,*,*,*,*,*,*,*
52407054,0,,,53,25,28,0,0,0,53,25,28,13,8,5,53,25,28,40,17,23,29,10,19,0,0,0,13,12,4,4,3,1,0,0,0,8,6,2,0,9,0,3,2
52407055,0,,,338,166,172,45,25,20,293,141,152,199,98,101,275,134,141,94,43,51,43,18,25,2,0,2,127,127,21,46,31,20,6,0,3,106,92,14,7,63,1,13,20
52407056,1,,52407057,817,392,425,62,33,29,756,360,396,417,211,206,720,343,377,339,149,190,178,70,108,6,2,4,336,336,90,126,52,38,24,5,3,247,192,55,14,226,8,53,73
52407057,2,52407056,,6,4,2,*,*,*,*,*,*,*,*,*,*,*,*,*,*,*,*,*,*,*,*,*,2,2,*,*,*,*,*,*,*,*,*,*,*,*,*,*,*
52407058,0,,,69,38,31,4,3,1,65,35,30,39,22,17,64,34,30,26,13,13,14,4,10,0,0,0,27,27,9,6,5,4,2,0,1,18,11,7,0,20,0,8,1
52407059,0,,,29,11,18,0,0,0,29,11,18,20,8,12,29,11,18,9,3,6,5,1,4,1,0,1,13,13,4,5,1,3,0,0,0,9,6,3,0,7,0,1,2
52407060,1,,52407050,9,4,5,1,0,1,12,6,6,7,3,4,12,6,6,5,3,2,4,2,2,0,0,0,4,4,1,3,2,0,0,0,0,5,5,0,1,3,0,1,2
52407061,2,52407073,,10,4,6,*,*,*,*,*,*,*,*,*,*,*,*,*,*,*,*,*,*,*,*,*,2,2,*,*,*,*,*,*,*,*,*,*,*,*,*,*,*
52407064,0,,,298,144,154,37,21,16,261,123,138,162,79,83,248,117,131,99,44,55,50,21,29,3,3,0,88,88,11,18,21,18,8,8,4,76,44,32,5,61,0,6,9
52407065,0,,,256,128,128,13,7,6,243,121,122,151,80,71,228,112,116,92,41,51,52,19,33,2,1,1,88,88,15,27,22,10,6,6,2,73,49,24,4,62,1,8,12
52407066,0,,,111,53,58,12,8,4,99,45,54,63,33,30,97,44,53,36,12,24,19,4,15,0,0,0,47,47,20,9,9,3,3,2,1,27,19,8,2,32,0,17,3
52407067,0,,,69,27,42,9,2,7,60,25,35,31,12,19,58,25,33,29,13,16,19,7,12,0,0,0,29,29,11,9,3,1,4,0,1,18,13,5,0,22,0,9,6
52407068,0,,,59,24,35,4,1,3,55,23,32,27,10,17,55,23,32,28,13,15,12,3,9,0,0,0,22,22,5,8,3,3,1,2,0,16,10,6,1,20,0,4,4
52407070,0,,,22,9,13,1,0,1,21,9,12,14,7,7,19,9,10,7,2,5,4,1,3,0,0,0,8,8,1,4,0,2,1,0,0,7,6,1,0,5,0,1,2
52407073,1,,52407061,285,152,133,30,18,12,265,138,127,165,92,73,252,130,122,100,46,54,46,20,26,0,0,0,97,97,20,26,21,17,7,2,6,79,57,22,6,63,1,6,12
52407074,0,,,467,220,247,52,28,24,415,192,223,259,120,139,390,184,206,156,72,84,59,22,37,4,1,3,155,155,23,42,36,31,13,8,2,131,91,40,12,98,2,10,20
52407075,0,,,332,168,164,31,17,14,301,151,150,200,100,100,282,142,140,101,51,50,47,17,30,2,0,2,124,124,28,35,31,17,7,5,1,96,73,23,6,71,0,18,18
52407076,0,,,71,34,37,6,2,4,65,32,33,44,22,22,60,29,31,21,10,11,9,3,6,1,0,1,28,28,6,11,4,4,3,0,0,22,19,3,2,15,0,4,5
52407077,0,,,91,50,41,6,2,4,85,48,37,50,30,20,82,45,37,35,18,17,14,5,9,1,0,1,32,32,7,12,5,2,1,3,2,24,13,11,0,25,0,5,5
52407080,0,,,65,28,37,7,4,3,58,24,34,40,17,23,56,22,34,18,7,11,10,2,8,0,0,0,22,22,2,8,6,3,1,2,0,20,13,7,2,14,0,0,4
52407082,0,,,140,70,70,9,5,4,131,65,66,85,47,38,125,60,65,46,18,28,26,8,18,2,0,2,47,47,9,14,9,5,6,3,1,38,22,16,3,32,0,5,4
52407083,0,,,357,185,172,36,19,17,320,165,155,201,108,93,306,158,148,119,57,62,52,22,30,2,2,0,138,138,40,37,25,21,7,7,1,98,73,25,8,81,2,20,17
52407084,0,,,423,205,218,27,19,8,390,182,208,246,117,129,373,177,196,144,65,79,74,29,45,8,4,4,146,146,25,48,32,17,11,10,3,115,86,29,1,99,0,15,21
52407085,0,,,121,60,61,9,4,5,112,56,56,61,34,27,108,52,56,51,22,29,27,11,16,0,0,0,50,50,13,14,16,4,2,1,0,37,33,4,3,32,2,7,10
52407086,1,,52407097,237,128,109,15,10,5,225,119,106,126,76,50,219,114,105,99,43,56,52,20,32,0,0,0,75,75,9,21,20,12,7,3,4,66,36,30,1,64,0,8,13
52407087,0,,,76,34,42,4,1,3,72,33,39,43,21,22,67,32,35,29,12,17,15,7,8,1,0,1,29,29,9,6,7,4,2,0,1,20,15,5,0,19,0,5,3
52407088,0,,,18,8,10,0,0,0,18,8,10,12,7,5,16,8,8,6,1,5,4,0,4,1,0,1,8,8,1,5,1,1,0,0,0,7,6,1,0,5,0,1,0
52407089,0,,,255,98,157,11,4,7,244,94,150,60,30,30,241,94,147,184,64,120,159,50,109,1,0,1,38,36,8,10,6,7,2,1,2,28,20,8,5,25,0,7,5
52407090,0,,,85,44,41,10,4,6,75,40,35,45,27,18,74,40,34,30,13,17,14,5,9,0,0,0,28,28,6,9,5,2,2,2,2,21,13,8,3,22,0,5,1
52407091,0,,,41,21,20,1,1,0,40,20,20,27,13,14,39,20,19,13,7,6,9,4,5,0,0,0,14,14,2,4,3,4,0,1,0,12,7,5,0,10,0,0,2
52407092,0,,,152,72,80,9,2,7,143,70,73,89,48,41,133,65,68,54,22,32,30,10,20,0,0,0,54,54,9,17,13,8,5,1,1,45,30,15,2,38,0,7,13
52407093,0,,,150,74,76,11,3,8,139,71,68,91,53,38,122,60,62,48,18,30,14,4,10,2,0,2,44,44,5,13,11,4,3,2,6,37,22,15,2,30,1,1,4
52407094,0,,,464,232,232,44,21,23,420,211,209,267,143,124,404,204,200,153,68,85,82,26,56,1,1,0,161,161,35,37,36,29,13,11,0,126,80,46,11,107,0,25,16
52407095,0,,,232,120,112,20,9,11,211,110,101,139,78,61,202,104,98,72,32,40,37,17,20,3,2,1,90,90,21,28,21,12,6,1,1,69,56,13,5,48,0,10,10
52407096,0,,,76,38,38,6,3,3,70,35,35,43,24,19,68,34,34,27,11,16,11,4,7,0,0,0,28,28,5,10,6,5,0,1,1,23,18,5,3,19,0,3,4
52407097,2,52407086,,3,1,2,*,*,*,*,*,*,*,*,*,*,*,*,*,*,*,*,*,*,*,*,*,1,1,*,*,*,*,*,*,*,*,*,*,*,*,*,*,*
52407098,0,,,13,0,13,0,0,0,12,0,12,12,0,12,9,0,9,0,0,0,0,0,0,0,0,0,13,13,13,0,0,0,0,0,0,0,0,0,0,0,4,0,0
52407100,2,52407121,,1,0,1,*,*,*,*,*,*,*,*,*,*,*,*,*,*,*,*,*,*,*,*,*,1,1,*,*,*,*,*,*,*,*,*,*,*,*,*,*,*
52407101,2,52407102,,5,2,3,*,*,*,*,*,*,*,*,*,*,*,*,*,*,*,*,*,*,*,*,*,2,2,*,*,*,*,*,*,*,*,*,*,*,*,*,*,*
52407102,1,,52407111;52407101,82,43,39,6,4,2,83,42,41,42,21,21,80,41,39,41,21,20,20,7,13,0,0,0,30,30,5,13,5,7,3,0,0,28,15,13,1,29,0,5,6
52407103,0,,,140,69,71,13,6,7,127,63,64,82,44,38,121,58,63,45,19,26,26,8,18,1,0,1,49,49,10,12,14,7,1,4,1,39,24,15,4,33,0,6,3
52407104,0,,,14,6,8,0,0,0,14,6,8,14,6,8,13,6,7,0,0,0,0,0,0,0,0,0,14,14,14,0,0,0,0,0,0,0,0,0,0,0,9,0,0
52407105,0,,,269,126,143,20,14,6,249,112,137,125,62,63,242,110,132,124,50,74,60,15,45,1,0,1,111,111,31,33,25,13,9,0,0,80,53,27,5,89,0,27,20
52407106,0,,,162,80,82,26,13,13,134,66,68,83,45,38,128,62,66,51,21,30,28,12,16,1,0,1,61,61,18,15,8,16,0,2,2,42,33,9,9,35,0,10,7
52407107,0,,,159,77,82,10,6,4,149,71,78,91,45,46,139,67,72,58,26,32,38,17,21,1,0,1,54,54,13,18,8,3,6,1,5,41,24,17,3,40,0,7,8
52407108,0,,,31,15,16,6,3,3,25,12,13,22,12,10,24,11,13,3,0,3,3,0,3,0,0,0,9,9,1,0,4,3,0,1,0,8,4,4,2,3,0,0,0
52407109,0,,,59,26,33,1,1,0,57,24,33,34,13,21,55,24,31,23,11,12,14,6,8,0,0,0,20,20,1,6,8,3,2,0,0,19,11,8,1,15,0,0,3
52407110,2,52407121,,2,1,1,*,*,*,*,*,*,*,*,*,*,*,*,*,*,*,*,*,*,*,*,*,1,1,*,*,*,*,*,*,*,*,*,*,*,*,*,*,*
52407111,2,52407102,,2,1,1,*,*,*,*,*,*,*,*,*,*,*,*,*,*,*,*,*,*,*,*,*,1,1,*,*,*,*,*,*,*,*,*,*,*,*,*,*,*
52407112,0,,,163,82,81,11,7,4,152,75,77,68,41,27,149,73,76,84,34,50,44,19,25,0,0,0,69,69,20,23,12,11,2,0,1,49,39,10,1,56,0,18,13
52407113,1,,52407124,86,40,46,5,2,3,84,40,44,42,20,22,82,39,43,42,20,22,21,9,12,2,0,2,38,38,14,14,6,2,3,1,0,26,19,7,1,30,1,10,7
52407116,0,,,151,70,81,8,5,3,142,65,77,87,42,45,138,64,74,55,23,32,35,10,25,0,0,0,55,55,13,14,14,5,7,1,1,41,22,19,1,37,0,8,2
52407117,0,,,27,12,15,3,0,3,24,12,12,11,6,5,24,12,12,13,6,7,9,3,6,0,0,0,10,10,2,3,3,0,2,0,0,8,6,2,1,9,0,2,0
52407119,0,,,15,9,6,3,2,1,12,7,5,6,4,2,12,7,5,6,3,3,1,0,1,0,0,0,5,5,2,0,1,1,0,1,0,3,1,2,1,4,0,2,0
52407121,1,,52407110;52407100,48,25,23,3,2,1,48,24,24,28,15,13,46,22,24,20,9,11,12,4,8,0,0,0,14,14,4,2,4,3,0,2,1,12,5,7,1,13,0,4,0
52407122,1,,52407133,167,76,91,13,4,9,165,80,85,77,44,33,156,75,81,88,36,52,46,16,30,3,2,1,65,65,21,23,11,8,5,0,3,50,37,13,2,56,0,14,16
52407123,0,,,33,20,13,0,0,0,33,20,13,20,14,6,32,19,13,13,6,7,7,4,3,4,3,1,18,18,10,4,2,1,1,0,0,8,6,2,0,8,3,1,4
52407124,2,52407113,,3,2,1,*,*,*,*,*,*,*,*,*,*,*,*,*,*,*,*,*,*,*,*,*,2,2,*,*,*,*,*,*,*,*,*,*,*,*,*,*,*
52407125,2,52407126,,5,2,3,*,*,*,*,*,*,*,*,*,*,*,*,*,*,*,*,*,*,*,*,*,2,2,*,*,*,*,*,*,*,*,*,*,*,*,*,*,*
52407126,1,,52407125;52407136,68,39,29,6,3,3,69,39,30,40,21,19,65,36,29,29,18,11,23,13,10,1,0,1,23,23,6,6,6,3,3,2,0,20,11,9,1,20,0,6,1
52407128,0,,,23,10,13,0,0,0,23,10,13,10,5,5,22,9,13,13,5,8,6,3,3,0,0,0,10,10,1,7,1,0,1,0,0,9,7,2,0,8,0,1,5
52407129,0,,,96,48,48,7,3,4,89,45,44,52,29,23,82,41,41,37,16,21,18,6,12,0,0,0,35,35,6,11,7,8,3,0,0,29,21,8,0,24,0,3,6
52407130,0,,,10,5,5,0,0,0,10,5,5,6,3,3,10,5,5,4,2,2,3,1,2,0,0,0,5,5,0,5,0,0,0,0,0,5,5,0,0,3,0,0,2
52407131,0,,,30,15,15,3,2,1,27,13,14,13,7,6,26,12,14,14,6,8,9,4,5,0,0,0,8,8,0,2,3,1,1,0,1,8,1,7,1,8,0,0,1
52407132,0,,,38,19,19,3,2,1,35,17,18,14,8,6,34,16,18,21,9,12,15,7,8,0,0,0,14,14,5,3,3,0,1,1,1,9,4,5,0,13,0,4,3
52407133,2,52407122,,12,9,3,*,*,*,*,*,*,*,*,*,*,*,*,*,*,*,*,*,*,*,*,*,6,6,*,*,*,*,*,*,*,*,*,*,*,*,*,*,*
52407136,2,52407126,,2,1,1,*,*,*,*,*,*,*,*,*,*,*,*,*,*,*,*,*,*,*,*,*,1,1,*,*,*,*,*,*,*,*,*,*,*,*,*,*,*
52407138,1,,52407147,42,19,23,2,0,2,45,23,22,27,16,11,43,22,21,18,7,11,11,3,8,0,0,0,15,15,5,8,3,0,1,2,0,14,8,6,0,13,0,2,1
52407139,0,,,1212,531,681,61,28,33,1149,501,648,416,205,211,1121,486,635,733,296,437,489,160,329,1,0,1,279,272,81,87,51,25,14,11,3,191,144,47,12,180,8,44,49
52407140,0,,,19,10,9,0,0,0,19,10,9,11,6,5,19,10,9,8,4,4,2,0,2,0,0,0,7,7,2,1,2,1,1,0,0,5,4,1,0,6,0,2,0
52407141,0,,,121,58,63,6,3,3,115,55,60,64,30,34,110,53,57,51,25,26,24,10,14,0,0,0,49,49,11,21,8,3,4,2,0,38,27,11,2,38,0,8,10
52407142,0,,,49,27,22,2,2,0,47,25,22,29,17,12,43,21,22,18,8,10,11,3,8,0,0,0,15,15,3,3,3,2,2,1,1,12,7,5,0,12,0,2,2
52407144,1,,52407153,34,16,18,0,0,0,37,17,20,12,7,5,37,17,20,25,10,15,14,5,9,0,0,0,17,17,5,11,2,1,0,0,0,14,12,2,0,15,0,5,7
52407145,1,,52407146,12,6,6,0,0,0,16,8,8,5,3,2,16,8,8,11,5,6,7,4,3,0,0,0,4,4,0,4,1,0,1,0,0,6,5,1,0,5,0,0,3
52407146,2,52407145,,4,2,2,*,*,*,*,*,*,*,*,*,*,*,*,*,*,*,*,*,*,*,*,*,2,2,*,*,*,*,*,*,*,*,*,*,*,*,*,*,*
52407147,2,52407138,,5,4,1,*,*,*,*,*,*,*,*,*,*,*,*,*,*,*,*,*,*,*,*,*,4,4,*,*,*,*,*,*,*,*,*,*,*,*,*,*,*
52407149,0,,,1006,476,530,127,60,67,879,416,463,513,258,255,836,392,444,366,158,208,203,79,124,5,0,5,412,412,109,147,72,45,28,10,1,302,239,63,29,256,7,73,64
52407150,0,,,38,19,19,5,3,2,33,16,17,17,7,10,31,16,15,16,9,7,9,5,4,0,0,0,13,13,2,5,3,0,1,2,0,11,7,4,2,9,0,1,2
52407151,0,,,83,42,41,3,2,1,78,39,39,44,23,21,75,39,36,34,16,18,16,5,11,0,0,0,33,33,10,11,4,4,2,1,1,22,15,7,1,25,0,7,4
52407152,0,,,50,28,22,3,3,0,47,25,22,24,13,11,44,23,21,23,12,11,17,7,10,0,0,0,18,18,4,5,6,1,0,1,1,14,8,6,0,15,0,3,4
52407153,2,52407144,,3,1,2,*,*,*,*,*,*,*,*,*,*,*,*,*,*,*,*,*,*,*,*,*,2,2,*,*,*,*,*,*,*,*,*,*,*,*,*,*,*
52407154,1,,52407163,36,17,19,3,2,1,37,16,21,16,9,7,35,15,20,21,7,14,13,5,8,0,0,0,14,14,7,3,3,1,0,0,2,9,4,5,1,15,0,6,3
52407155,0,,,10,6,4,0,0,0,10,6,4,4,3,1,10,6,4,6,3,3,6,3,3,0,0,0,4,4,1,2,0,0,1,0,0,3,2,1,0,4,0,1,1
52407156,1,,52407166,21,12,9,2,0,2,21,13,8,10,7,3,21,13,8,11,6,5,5,3,2,0,0,0,13,13,7,6,0,1,0,0,0,7,6,1,0,8,0,4,3
52407157,0,,,7,7,0,0,0,0,6,6,0,4,4,0,6,6,0,2,2,0,0,0,0,0,0,0,7,7,7,0,0,0,0,0,0,0,0,0,0,2,1,2,0
52407158,0,,,133,61,72,15,8,7,118,53,65,65,30,35,115,52,63,53,23,30,34,13,21,0,0,0,39,39,3,9,11,6,8,1,1,36,16,20,4,34,0,3,7
52407159,0,,,688,325,363,70,35,35,609,285,324,302,160,142,587,274,313,307,125,182,169,61,108,4,1,3,256,253,61,91,51,25,15,6,4,187,151,36,21,169,2,41,50
52407160,2,52407161,,10,5,5,*,*,*,*,*,*,*,*,*,*,*,*,*,*,*,*,*,*,*,*,*,4,4,*,*,*,*,*,*,*,*,*,*,*,*,*,*,*
52407161,1,,52407160,186,94,92,6,3,3,165,84,81,84,47,37,157,80,77,81,37,44,42,22,20,0,0,0,71,71,16,27,18,4,5,4,1,52,36,16,1,50,0,6,14
52407162,0,,,82,38,44,7,2,5,75,36,39,39,22,17,72,35,37,36,14,22,21,6,15,1,0,1,29,29,5,9,9,2,1,2,1,24,17,7,1,24,0,5,3
52407163,2,52407154,,4,1,3,*,*,*,*,*,*,*,*,*,*,*,*,*,*,*,*,*,*,*,*,*,2,2,*,*,*,*,*,*,*,*,*,*,*,*,*,*,*
52407164,2,52407174,,1,1,0,*,*,*,*,*,*,*,*,*,*,*,*,*,*,*,*,*,*,*,*,*,1,1,*,*,*,*,*,*,*,*,*,*,*,*,*,*,*
52407166,2,52407156,,2,1,1,*,*,*,*,*,*,*,*,*,*,*,*,*,*,*,*,*,*,*,*,*,1,1,*,*,*,*,*,*,*,*,*,*,*,*,*,*,*
52407167,0,,,57,30,27,0,0,0,56,29,27,27,16,11,56,29,27,29,13,16,17,7,10,0,0,0,24,24,5,7,10,2,0,0,0,19,13,6,0,20,0,4,4
52407168,0,,,144,68,76,9,3,6,135,65,70,83,41,42,130,61,69,52,24,28,30,12,18,0,0,0,45,45,5,11,13,9,5,1,1,40,25,15,3,35,0,5,7
52407169,0,,,271,147,124,24,12,12,246,135,111,156,89,67,236,130,106,90,46,44,33,13,20,4,3,1,110,110,28,38,23,12,6,1,2,81,65,16,7,59,4,13,12
52407170,2,52407171,,6,4,2,*,*,*,*,*,*,*,*,*,*,*,*,*,*,*,*,*,*,*,*,*,2,2,*,*,*,*,*,*,*,*,*,*,*,*,*,*,*
52407171,1,,52407170,145,65,80,6,3,3,145,66,79,81,40,41,137,63,74,64,26,38,36,12,24,0,0,0,52,52,11,18,9,7,6,2,1,42,25,17,1,44,0,7,8
52407172,0,,,39,25,14,3,2,1,36,23,13,21,14,7,34,22,12,15,9,6,7,4,3,0,0,0,12,12,2,3,2,2,1,2,0,10,4,6,1,10,0,1,2
52407174,1,,52407164;52407184,51,24,27,4,3,1,53,25,28,28,14,14,53,25,28,25,11,14,20,8,12,1,1,0,17,17,5,6,3,2,1,3,0,15,8,7,0,17,0,3,5
52407175,0,,,26,13,13,0,0,0,26,13,13,16,9,7,26,13,13,10,4,6,7,3,4,0,0,0,8,8,1,3,0,2,1,1,0,7,5,2,0,6,0,0,1
52407176,2,52407177,,6,3,3,*,*,*,*,*,*,*,*,*,*,*,*,*,*,*,*,*,*,*,*,*,3,3,*,*,*,*,*,*,*,*,*,*,*,*,*,*,*
52407177,1,,52407176,16,7,9,1,0,1,21,10,11,8,5,3,20,9,11,13,5,8,7,3,4,0,0,0,8,8,4,4,2,1,0,0,0,7,7,0,0,9,0,3,3
52407178,0,,,15,6,9,1,0,1,14,6,8,8,3,5,14,6,8,6,3,3,1,1,0,0,0,0,6,6,2,1,1,2,0,0,0,4,3,1,1,3,0,0,1
52407179,0,,,232,117,115,21,9,12,210,107,103,128,73,55,196,98,98,82,34,48,45,17,28,0,0,0,76,76,8,23,22,11,6,4,2,68,46,22,4,53,0,6,14
52407180,0,,,20,12,8,1,1,0,19,11,8,8,6,2,19,11,8,11,5,6,8,3,5,0,0,0,8,8,1,5,1,0,0,1,0,7,6,1,0,8,0,1,3
52407181,0,,,246,110,136,21,9,12,225,101,124,134,62,72,210,93,117,91,39,52,46,17,29,1,0,1,92,92,19,28,25,10,6,3,1,73,47,26,4,60,0,10,11
52407182,0,,,92,39,53,4,2,2,88,37,51,48,24,24,86,36,50,40,13,27,26,6,20,0,0,0,34,34,7,11,8,4,2,1,1,27,15,12,1,26,0,5,8
52407183,0,,,26,10,16,2,0,2,24,10,14,8,4,4,23,9,14,16,6,10,6,1,5,0,0,0,10,10,4,1,3,1,0,0,1,6,2,4,0,9,0,4,0
52407184,2,52407174,,5,3,2,*,*,*,*,*,*,*,*,*,*,*,*,*,*,*,*,*,*,*,*,*,2,2,*,*,*,*,*,*,*,*,*,*,*,*,*,*,*
52407185,1,,52407195,52,25,27,2,1,1,55,26,29,28,13,15,55,26,29,27,13,14,12,5,7,0,0,0,23,23,5,12,5,2,1,0,0,20,15,5,1,16,0,2,5
52407186,0,,,9,4,5,0,0,0,9,4,5,6,3,3,8,3,5,3,1,2,3,1,2,0,0,0,4,4,1,2,0,1,0,0,0,3,3,0,0,2,0,1,1
52407187,0,,,98,50,48,3,3,0,95,47,48,58,32,26,94,46,48,37,15,22,17,4,13,1,0,1,39,39,7,15,10,4,3,0,0,32,24,8,1,28,0,3,4
52407189,0,,,36,21,15,8,7,1,28,14,14,16,7,9,27,13,14,12,7,5,3,1,2,0,0,0,12,12,3,4,1,1,0,3,0,9,5,4,3,8,1,1,2
52407191,0,,,134,69,65,7,4,3,126,64,62,68,36,32,123,63,60,58,28,30,30,11,19,0,0,0,56,56,17,20,11,3,0,3,2,39,29,10,3,40,0,9,10
52407192,0,,,11,5,6,1,0,1,10,5,5,7,5,2,9,4,5,3,0,3,2,0,2,0,0,0,4,4,1,1,0,2,0,0,0,3,2,1,0,3,0,1,0
52407193,0,,,109,60,49,3,2,1,106,58,48,44,26,18,105,57,48,62,32,30,41,18,23,0,0,0,45,45,10,17,13,1,2,2,0,35,25,10,1,39,0,7,13
52407195,2,52407185,,5,2,3,*,*,*,*,*,*,*,*,*,*,*,*,*,*,*,*,*,*,*,*,*,2,2,*,*,*,*,*,*,*,*,*,*,*,*,*,*,*
52407196,0,,,136,79,57,6,4,2,123,70,53,69,41,28,122,70,52,54,29,25,33,19,14,0,0,0,56,54,18,17,10,4,3,1,1,35,26,9,1,34,0,8,10
52407197,0,,,20,8,12,1,0,1,19,8,11,10,4,6,18,7,11,9,4,5,5,2,3,0,0,0,6,6,0,2,1,2,1,0,0,6,3,3,1,5,0,0,2
52407198,0,,,22,11,11,2,2,0,20,9,11,10,4,6,18,9,9,10,5,5,4,2,2,0,0,0,9,9,1,5,1,2,0,0,0,8,8,0,0,6,0,1,4
52407199,0,,,132,66,66,14,7,7,118,59,59,77,41,36,113,57,56,41,18,23,20,6,14,0,0,0,41,41,8,8,7,10,5,1,2,33,19,14,1,29,0,2,4
52407200,0,,,245,109,136,27,10,17,217,98,119,133,62,71,209,95,114,84,36,48,49,15,34,1,0,1,81,81,12,25,17,13,7,4,3,68,44,24,7,54,1,7,11
52407201,2,52407210,,8,5,3,*,*,*,*,*,*,*,*,*,*,*,*,*,*,*,*,*,*,*,*,*,3,3,*,*,*,*,*,*,*,*,*,*,*,*,*,*,*
52407202,2,52407203,,7,3,4,*,*,*,*,*,*,*,*,*,*,*,*,*,*,*,*,*,*,*,*,*,3,3,*,*,*,*,*,*,*,*,*,*,*,*,*,*,*
52407203,1,,52407202,126,66,60,12,4,8,121,65,56,54,28,26,120,64,56,67,37,30,28,15,13,1,0,1,44,44,7,15,12,8,4,0,1,40,26,14,4,39,0,5,11
52407204,0,,,99,50,49,11,4,7,88,46,42,47,28,19,88,46,42,41,18,23,24,8,16,0,0,0,35,35,8,11,6,5,1,2,2,27,16,11,2,27,0,6,7
52407205,0,,,70,43,27,0,0,0,70,43,27,38,26,12,69,42,27,32,17,15,21,11,10,0,0,0,22,19,5,3,6,3,0,1,1,14,9,5,0,17,0,3,2
52407206,0,,,49,26,23,3,1,2,46,25,21,25,16,9,44,23,21,21,9,12,10,4,6,0,0,0,20,20,6,6,4,2,1,1,0,14,12,2,1,15,0,3,4
52407207,1,,52407208,212,98,114,20,11,9,200,92,108,113,59,54,190,90,100,87,33,54,48,17,31,1,0,1,68,68,11,23,13,11,6,7,1,61,39,22,2,59,0,9,12
52407208,2,52407207,,8,5,3,*,*,*,*,*,*,*,*,*,*,*,*,*,*,*,*,*,*,*,*,*,4,4,*,*,*,*,*,*,*,*,*,*,*,*,*,*,*
52407209,0,,,97,51,46,3,2,1,94,49,45,49,30,19,94,49,45,45,19,26,27,12,15,0,0,0,44,44,11,22,5,4,1,1,0,32,24,8,0,32,0,9,9
52407210,1,,52407201,188,90,98,18,4,14,178,91,87,110,61,49,170,88,82,68,30,38,37,14,23,0,0,0,65,65,15,14,19,11,4,3,2,53,35,18,5,46,0,10,7
52407211,0,,,62,33,29,6,4,2,55,29,26,32,20,12,54,28,26,23,9,14,14,6,8,1,0,1,21,21,4,7,5,3,0,0,2,17,10,7,2,14,0,1,5
52407213,0,,,144,78,66,13,7,6,131,71,60,80,48,32,127,68,59,51,23,28,28,10,18,1,0,1,46,46,10,8,11,7,5,3,2,36,17,19,4,38,0,9,4
52407214,0,,,86,40,46,6,3,3,80,37,43,40,20,20,79,37,42,40,17,23,19,6,13,0,0,0,28,28,2,11,5,3,7,0,0,26,13,13,2,24,0,1,7
52407215,0,,,126,59,67,3,1,2,122,57,65,68,32,36,119,57,62,54,25,29,32,14,18,0,0,0,53,53,17,17,7,8,2,2,0,36,28,8,0,37,0,10,8
52407216,0,,,177,93,84,16,10,6,161,83,78,90,53,37,157,79,78,71,30,41,41,16,25,2,0,2,71,71,16,25,17,7,4,2,0,55,37,18,2,49,0,11,8
52407217,0,,,389,183,206,29,12,17,360,171,189,195,97,98,339,159,180,165,74,91,80,34,46,1,0,1,160,160,48,56,20,19,12,3,2,112,90,22,6,115,0,35,36
52407218,0,,,53,26,27,6,3,3,47,23,24,23,12,11,47,23,24,24,11,13,7,3,4,1,1,0,25,25,11,6,6,1,0,0,1,14,10,4,2,17,0,7,3
52407219,1,,52407229,75,33,42,7,1,6,70,33,37,38,18,20,68,32,36,32,15,17,21,9,12,0,0,0,28,28,4,11,6,7,1,0,0,25,18,7,0,21,0,3,5
52407220,0,,,180,92,88,13,7,6,167,85,82,97,51,46,160,80,80,70,34,36,34,13,21,0,0,0,64,64,17,14,16,4,9,2,2,47,30,17,2,50,1,11,10
52407222,0,,,55,28,27,5,1,4,50,27,23,23,14,9,49,26,23,27,13,14,14,6,8,0,0,0,20,20,5,5,6,1,1,1,1,14,10,4,2,16,0,4,5
52407223,0,,,140,71,69,12,4,8,128,67,61,69,39,30,127,66,61,59,28,31,31,12,19,0,0,0,50,50,13,15,5,10,4,1,2,34,18,16,3,39,0,9,9
52407224,0,,,13,8,5,0,0,0,13,8,5,5,3,2,12,7,5,8,5,3,4,2,2,1,0,1,5,5,1,2,0,2,0,0,0,4,3,1,0,4,0,1,1
52407225,2,52407236,,2,0,2,*,*,*,*,*,*,*,*,*,*,*,*,*,*,*,*,*,*,*,*,*,1,1,*,*,*,*,*,*,*,*,*,*,*,*,*,*,*
52407226,0,,,86,38,48,6,4,2,80,34,46,45,21,24,77,34,43,35,13,22,22,7,15,0,0,0,32,32,8,10,5,4,3,2,0,24,12,12,3,24,0,6,5
52407227,0,,,108,54,54,10,5,5,98,49,49,50,28,22,93,46,47,48,21,27,28,11,17,0,0,0,37,37,8,12,5,5,3,2,2,29,18,11,3,30,0,6,7
52407228,0,,,95,44,51,14,5,9,81,39,42,49,22,27,78,36,42,32,17,15,11,4,7,1,0,1,29,29,3,12,3,2,5,2,2,25,17,8,5,21,0,1,9
52407229,2,52407219,,2,1,1,*,*,*,*,*,*,*,*,*,*,*,*,*,*,*,*,*,*,*,*,*,1,1,*,*,*,*,*,*,*,*,*,*,*,*,*,*,*
52407230,0,,,133,64,69,9,6,3,124,58,66,63,30,33,121,58,63,61,28,33,34,15,19,1,1,0,45,45,9,10,13,6,3,2,2,36,18,18,2,35,0,4,9
52407231,0,,,61,30,31,3,1,2,58,29,29,36,19,17,57,28,29,22,10,12,10,4,6,0,0,0,19,19,3,5,4,2,2,3,0,16,9,7,0,14,0,1,2
52407232,0,,,295,141,154,28,12,16,267,129,138,156,85,71,257,122,135,111,44,67,67,22,45,1,0,1,115,115,27,39,24,14,5,5,1,87,65,22,10,74,0,17,22
52407233,0,,,268,135,133,23,11,12,245,124,121,148,79,69,223,112,111,97,45,52,42,18,24,3,2,1,95,95,18,29,21,14,7,4,2,77,55,22,3,62,0,12,13
52407234,0,,,665,330,335,63,29,34,602,301,301,384,204,180,581,289,292,218,97,121,114,44,70,4,1,3,258,257,62,75,60,40,14,4,2,193,146,47,25,144,8,25,32
52407235,0,,,439,210,229,43,21,22,396,189,207,230,118,112,383,184,199,166,71,95,90,38,52,2,0,2,167,167,42,54,26,25,11,7,2,125,81,44,12,115,0,29,31
52407236,1,,52407225,248,123,125,16,11,5,234,112,122,122,62,60,220,104,116,112,50,62,56,23,33,3,0,3,88,88,17,24,25,12,7,1,3,72,44,28,4,69,0,13,12
52407237,0,,,130,66,64,13,6,7,117,60,57,62,31,31,113,59,54,55,29,26,27,13,14,0,0,0,50,50,7,19,16,5,2,0,1,43,34,9,2,33,0,3,14
52407238,2,52407239,,3,2,1,*,*,*,*,*,*,*,*,*,*,*,*,*,*,*,*,*,*,*,*,*,1,1,*,*,*,*,*,*,*,*,*,*,*,*,*,*,*
52407239,1,,52407238,56,28,28,5,2,3,54,28,26,28,16,12,54,28,26,26,12,14,11,4,7,0,0,0,21,21,2,12,2,3,3,0,0,20,16,4,0,19,0,1,5
52407240,0,,,543,259,284,98,42,56,445,217,228,313,158,155,422,209,213,132,59,73,66,28,38,0,0,0,196,196,34,64,45,30,14,7,2,160,136,24,20,89,4,19,24
52407241,0,,,210,106,104,26,13,13,184,93,91,108,55,53,175,90,85,76,38,38,34,13,21,1,1,0,77,77,15,29,10,11,9,3,0,61,42,19,6,47,1,7,16
52407242,0,,,79,36,43,3,2,1,76,34,42,43,21,22,70,32,38,33,13,20,14,4,10,1,0,1,34,34,12,10,8,0,1,3,0,21,13,8,1,23,0,7,4
52407243,0,,,77,32,45,8,3,5,69,29,40,46,19,27,66,28,38,23,10,13,16,6,10,0,0,0,28,28,8,7,6,3,2,1,1,19,11,8,3,15,0,5,2
52407244,0,,,457,226,231,67,29,38,390,197,193,272,146,126,369,188,181,118,51,67,66,26,40,1,0,1,163,163,33,50,32,29,8,6,5,129,98,31,24,80,3,18,19
52407245,0,,,472,188,284,23,9,14,448,178,270,203,88,115,442,176,266,245,90,155,165,47,118,7,0,7,156,153,50,49,32,13,2,6,1,102,77,25,7,86,2,18,24
52407246,0,,,74,32,42,4,1,3,70,31,39,49,24,25,66,30,36,21,7,14,12,3,9,2,0,2,26,26,8,5,5,3,3,0,2,18,9,9,0,15,1,3,0
52407247,0,,,44,21,23,1,0,1,43,21,22,24,15,9,42,21,21,19,6,13,6,1,5,0,0,0,18,18,4,6,5,2,1,0,0,14,10,4,0,14,0,3,1
52407248,0,,,123,59,64,11,7,4,112,52,60,56,25,31,108,50,58,56,27,29,32,15,17,1,0,1,46,46,8,18,9,6,3,1,1,38,27,11,2,35,0,6,13
52407249,0,,,142,68,74,14,8,6,128,60,68,67,36,31,126,59,67,61,24,37,28,10,18,0,0,0,53,53,11,19,10,7,2,3,1,42,30,12,3,40,0,8,9
52407250,0,,,157,75,82,11,5,6,146,70,76,99,44,55,136,65,71,47,26,21,27,11,16,1,0,1,59,59,15,18,11,10,1,1,3,43,34,9,3,35,0,8,6
52407251,0,,,132,59,73,12,5,7,120,54,66,62,30,32,119,54,65,58,24,34,30,10,20,2,1,1,54,54,12,25,8,6,0,1,2,42,31,11,4,38,0,9,12
52407252,0,,,211,103,108,16,9,7,195,94,101,97,50,47,186,89,97,98,44,54,51,20,31,0,0,0,76,76,13,25,19,10,3,6,0,62,41,21,1,59,0,10,17
52407253,0,,,80,38,42,2,0,2,78,38,40,42,24,18,74,36,38,36,14,22,21,8,13,0,0,0,28,28,3,8,10,5,1,1,0,25,15,10,0,23,0,3,3
52407254,0,,,278,143,135,30,20,10,248,123,125,152,74,78,236,115,121,96,49,47,64,29,35,1,0,1,92,92,18,22,20,18,5,5,4,73,51,22,5,62,0,15,10
52407255,0,,,260,137,123,33,17,16,227,120,107,147,74,73,217,117,100,80,46,34,34,18,16,1,0,1,96,96,21,37,10,15,6,5,2,74,55,19,11,53,2,13,16
52407256,0,,,135,78,57,8,4,4,127,74,53,87,56,31,125,72,53,40,18,22,20,10,10,0,0,0,32,31,6,11,9,1,2,2,0,25,15,10,3,23,0,6,7
52407257,0,,,136,69,67,11,7,4,125,62,63,66,33,33,121,60,61,59,29,30,29,13,16,1,1,0,51,51,7,18,18,4,2,1,1,43,32,11,3,36,0,2,15
52407258,0,,,162,75,87,21,12,9,141,63,78,73,32,41,135,61,74,68,31,37,30,14,16,1,0,1,57,57,12,16,14,6,4,4,1,41,26,15,5,45,0,11,11
52407259,0,,,190,99,91,14,7,7,176,92,84,92,52,40,171,89,82,84,40,44,40,14,26,2,0,2,79,79,26,29,8,7,1,7,1,53,37,16,4,57,0,20,15
52407260,1,,52407270,269,130,139,29,13,16,248,121,127,160,82,78,233,114,119,88,39,49,42,16,26,0,0,0,93,93,17,28,21,14,7,7,1,78,56,22,9,60,0,7,11
52407261,0,,,44,23,21,5,4,1,39,19,20,24,11,13,39,19,20,15,8,7,9,4,5,0,0,0,17,17,3,7,4,1,1,1,0,14,11,3,2,11,0,1,1
52407262,0,,,40,18,22,1,0,1,39,18,21,20,10,10,38,18,20,19,8,11,10,3,7,0,0,0,13,13,1,5,3,2,1,0,1,12,6,6,0,13,0,1,2
52407263,0,,,136,70,66,9,5,4,127,65,62,66,36,30,119,63,56,61,29,32,33,16,17,1,0,1,47,47,4,19,13,4,3,4,0,43,34,9,3,35,0,3,11
52407264,0,,,61,32,29,2,1,1,58,30,28,24,12,12,57,29,28,34,18,16,13,8,5,0,0,0,23,23,4,8,7,2,0,2,0,19,13,6,1,18,0,2,6
52407265,0,,,307,154,153,28,17,11,279,137,142,171,83,88,258,125,133,108,54,54,48,21,27,0,0,0,109,109,20,33,23,20,8,4,1,88,69,19,9,68,0,13,20
52407266,0,,,190,97,93,14,9,5,176,88,88,109,57,52,172,86,86,67,31,36,34,15,19,2,1,1,61,61,11,13,15,8,9,4,1,50,26,24,3,43,0,5,7
52407267,0,,,195,85,110,21,14,7,174,71,103,101,42,59,169,71,98,73,29,44,39,14,25,2,0,2,85,85,24,35,13,5,7,0,1,61,45,16,3,53,0,16,14
52407268,0,,,476,215,261,45,27,18,430,188,242,223,115,108,415,182,233,207,73,134,132,32,100,4,2,2,161,158,43,46,31,21,12,3,2,115,84,31,10,102,0,27,22
52407269,0,,,453,232,221,57,30,27,395,202,193,243,125,118,376,192,184,152,77,75,76,37,39,4,3,1,176,176,48,51,27,34,11,4,1,126,93,33,11,104,1,28,33
52407270,2,52407260,,8,4,4,*,*,*,*,*,*,*,*,*,*,*,*,*,*,*,*,*,*,*,*,*,2,2,*,*,*,*,*,*,*,*,*,*,*,*,*,*,*
52407272,0,,,99,47,52,9,4,5,90,43,47,53,27,26,83,38,45,37,16,21,18,7,11,0,0,0,29,29,4,10,3,2,4,5,1,25,13,12,2,23,0,3,6
52407273,0,,,126,59,67,12,6,6,114,53,61,58,29,29,109,50,59,56,24,32,34,12,22,1,0,1,48,48,10,24,2,6,2,1,3,37,28,9,2,40,0,7,13
52407274,0,,,285,110,175,9,4,5,276,106,170,93,48,45,266,101,165,183,58,125,133,31,102,0,0,0,70,69,13,22,18,8,4,3,1,55,33,22,2,56,0,10,11
52407275,0,,,167,81,86,19,10,9,148,71,77,90,44,46,142,69,73,58,27,31,31,15,16,0,0,0,55,55,6,19,12,10,3,4,1,48,36,12,8,36,0,4,10
52407276,0,,,209,106,103,20,10,10,189,96,93,119,61,58,173,85,88,70,35,35,34,14,20,0,0,0,66,66,9,14,20,13,3,5,2,56,34,22,4,46,0,9,5
52407277,0,,,304,98,206,9,6,3,295,92,203,60,27,33,292,89,203,235,65,170,199,47,152,1,0,1,43,41,13,11,6,7,2,2,0,26,19,7,3,28,0,9,5
52407278,0,,,195,95,100,20,10,10,175,85,90,96,52,44,170,84,86,79,33,46,44,15,29,1,0,1,67,67,19,13,15,5,9,2,4,47,22,25,4,52,0,13,5
52407279,0,,,297,150,147,27,16,11,270,134,136,159,79,80,254,126,128,111,55,56,48,20,28,2,0,2,123,123,35,45,17,14,8,3,1,88,73,15,5,79,1,24,24
52407280,2,52407281,,11,7,4,*,*,*,*,*,*,*,*,*,*,*,*,*,*,*,*,*,*,*,*,*,3,3,*,*,*,*,*,*,*,*,*,*,*,*,*,*,*
52407281,1,,52407280;52407290,5,2,3,2,2,0,19,10,9,10,5,5,19,10,9,9,5,4,5,3,2,0,0,0,1,1,0,1,0,1,3,0,0,5,3,2,1,5,0,0,1
52407283,0,,,20,10,10,2,1,1,18,9,9,11,6,5,15,7,8,7,3,4,5,2,3,0,0,0,5,5,1,1,0,0,2,0,1,4,0,4,1,4,0,1,0
52407284,0,,,129,63,66,19,9,10,110,54,56,68,32,36,108,53,55,42,22,20,27,15,12,0,0,0,38,38,7,6,9,7,3,3,3,31,16,15,5,26,1,0,4
52407285,0,,,193,93,100,22,10,12,171,83,88,96,45,51,163,82,81,75,38,37,38,20,18,2,0,2,67,67,12,21,12,14,4,1,3,55,38,17,6,45,1,8,14
52407286,0,,,129,72,57,11,6,5,118,66,52,71,41,30,114,64,50,47,25,22,19,9,10,1,1,0,48,48,14,11,10,6,4,2,1,34,24,10,1,35,0,8,4
52407287,0,,,147,78,69,7,4,3,140,74,66,91,53,38,136,72,64,49,21,28,26,10,16,2,0,2,38,37,7,11,9,6,1,2,1,30,18,12,2,30,0,7,5
52407288,0,,,104,55,49,8,5,3,96,50,46,52,29,23,92,49,43,44,21,23,24,9,15,0,0,0,36,36,5,16,4,4,4,2,1,31,23,8,2,28,0,3,9
52407289,0,,,939,469,470,79,38,41,859,431,428,480,246,234,832,418,414,379,185,194,175,80,95,9,3,6,386,385,94,146,82,37,10,11,5,290,244,46,18,246,2,60,78
52407290,2,52407281,,5,3,2,*,*,*,*,*,*,*,*,*,*,*,*,*,*,*,*,*,*,*,*,*,1,1,*,*,*,*,*,*,*,*,*,*,*,*,*,*,*
52407291,0,,,96,52,44,6,5,1,90,47,43,52,29,23,87,46,41,38,18,20,22,11,11,1,1,0,34,34,9,9,4,6,3,3,0,25,14,11,1,27,0,5,4
52407292,0,,,81,39,42,2,1,1,79,38,41,39,19,20,76,36,40,40,19,21,19,8,11,0,0,0,26,26,1,12,5,2,3,3,0,25,15,10,0,24,0,1,9
52407293,0,,,31,14,17,6,3,3,25,11,14,15,7,8,25,11,14,10,4,6,2,0,2,0,0,0,12,12,1,6,3,1,1,0,0,11,8,3,0,8,0,1,2
52407294,0,,,87,44,43,8,4,4,79,40,39,45,25,20,75,39,36,34,15,19,20,8,12,2,2,0,32,32,11,5,6,5,2,3,0,21,11,10,1,21,3,5,1
52407295,0,,,116,60,56,6,3,3,110,57,53,65,34,31,106,54,52,45,23,22,23,9,14,0,0,0,41,41,8,12,10,5,2,4,0,33,26,7,1,31,0,5,3
52407296,0,,,103,53,50,6,4,2,97,49,48,66,36,30,92,45,47,31,13,18,16,5,11,0,0,0,35,35,7,12,4,5,3,3,1,28,18,10,2,21,0,4,5
52407297,0,,,132,66,66,12,7,5,119,58,61,63,34,29,117,57,60,56,24,32,32,12,20,0,0,0,45,45,7,14,10,8,4,0,2,38,23,15,4,39,0,6,6
52407298,0,,,130,66,64,8,5,3,122,61,61,69,36,33,117,58,59,53,25,28,23,11,12,0,0,0,45,45,11,12,7,5,8,0,2,33,19,14,3,34,0,6,6
52407299,0,,,181,90,91,14,8,6,166,81,85,95,52,43,162,78,84,71,29,42,36,13,23,0,0,0,74,74,21,27,9,11,3,2,1,53,39,14,5,49,1,12,16
52407300,0,,,830,402,428,151,89,62,679,313,366,498,231,267,635,298,337,181,82,99,86,38,48,9,7,2,349,349,124,86,58,57,14,8,2,222,190,32,53,133,19,49,32
52407301,0,,,2142,1023,1119,207,113,94,1935,910,1025,1159,580,579,1845,866,979,776,330,446,399,147,252,125,52,73,902,898,312,266,150,96,46,19,9,574,448,126,43,511,47,147,128
52407302,0,,,636,307,329,46,27,19,590,280,310,348,178,170,558,262,296,242,102,140,110,39,71,24,12,12,257,257,77,89,40,17,21,5,8,178,124,54,13,164,14,38,40
52407310,0,,,966,461,505,117,60,57,849,401,448,535,261,274,800,377,423,314,140,174,136,57,79,4,1,3,382,379,93,139,79,40,18,5,5,281,228,53,26,219,6,56,68
52407311,0,,,929,455,474,112,53,59,817,402,415,519,258,261,774,379,395,298,144,154,121,55,66,10,2,8,382,381,114,116,79,37,26,4,5,267,215,52,29,205,9,61,58
52407320,0,,,130,60,70,13,5,8,117,55,62,78,37,41,111,53,58,39,18,21,16,5,11,0,0,0,44,44,5,13,13,8,2,3,0,39,28,11,3,26,0,4,6
52407321,0,,,663,309,354,49,21,28,614,288,326,328,174,154,585,276,309,286,114,172,173,62,111,9,3,6,206,204,43,72,30,26,18,11,4,158,119,39,16,126,2,23,37
52407330,0,,,124,64,60,6,6,0,118,58,60,65,35,30,113,54,59,53,23,30,23,9,14,1,0,1,45,45,11,16,6,3,5,2,2,34,23,11,0,37,0,8,10
52407331,0,,,998,499,499,135,79,56,863,420,443,484,248,236,833,401,432,379,172,207,169,64,105,3,1,2,407,405,101,163,71,44,15,5,6,298,254,44,45,242,7,61,90
52407332,0,,,22,11,11,3,2,1,19,9,10,13,7,6,17,8,9,6,2,4,2,0,2,0,0,0,10,10,3,4,2,0,1,0,0,6,6,0,1,5,0,3,1
52407340,0,,,330,169,161,19,7,12,311,162,149,175,98,77,298,154,144,136,64,72,57,22,35,5,2,3,152,152,54,50,24,18,4,2,0,96,77,19,3,97,3,30,25
52407341,0,,,840,424,416,91,56,35,748,368,380,424,209,215,716,351,365,324,159,165,149,71,78,3,1,2,354,354,110,115,64,36,17,6,6,243,191,52,14,228,1,70,61
52407342,0,,,113,56,57,10,5,5,103,51,52,51,30,21,97,47,50,52,21,31,23,9,14,0,0,0,44,44,11,15,6,7,4,1,0,33,25,8,2,34,0,8,12
52407350,0,,,862,401,461,86,43,43,770,355,415,418,203,215,745,342,403,352,152,200,184,72,112,5,4,1,353,353,98,123,65,36,18,8,5,254,203,51,28,238,0,64,71
52407351,0,,,1183,546,637,125,63,62,1057,483,574,611,300,311,1008,459,549,446,183,263,235,92,143,5,0,5,491,491,136,165,89,63,30,8,0,350,272,78,39,307,2,86,82
52407352,0,,,101,54,47,7,3,4,93,50,43,52,26,26,91,49,42,41,24,17,17,10,7,3,1,2,43,43,12,16,9,2,2,2,0,31,24,7,0,27,0,7,9
52407360,0,,,561,285,276,52,34,18,508,251,257,312,152,160,481,237,244,196,99,97,84,37,47,11,4,7,227,227,61,81,37,28,10,6,4,165,136,29,9,134,1,29,48
52407361,0,,,198,95,103,21,11,10,177,84,93,116,54,62,167,76,91,61,30,31,29,12,17,2,0,2,78,78,19,27,15,10,3,3,1,59,44,15,6,40,0,8,12
52407362,0,,,381,189,192,54,29,25,325,160,165,221,106,115,305,152,153,104,54,50,36,17,19,4,0,4,157,157,44,52,32,17,7,2,3,111,96,15,14,73,0,16,21
52407363,0,,,37,18,19,1,1,0,34,17,17,24,13,11,34,17,17,10,4,6,3,1,2,1,1,0,21,21,10,6,5,0,0,0,0,10,8,2,1,6,1,1,3
52407370,0,,,633,306,327,57,28,29,576,278,298,341,170,171,539,261,278,235,108,127,114,47,67,9,4,5,257,255,71,82,54,30,4,12,2,181,145,36,15,156,0,43,38
52407371,0,,,448,232,216,50,29,21,398,203,195,279,144,135,371,190,181,119,59,60,54,23,31,7,2,5,181,181,43,71,24,33,5,3,2,135,123,12,18,82,4,17,27
52407372,0,,,463,232,231,55,25,30,408,207,201,259,136,123,395,200,195,149,71,78,75,34,41,4,2,2,186,185,51,57,37,24,12,2,2,130,103,27,19,100,1,24,24
52407380,0,,,1071,510,561,116,54,62,954,455,499,633,311,322,896,424,472,321,144,177,159,66,93,12,2,10,431,431,121,122,98,57,21,5,7,307,249,58,31,226,3,60,53
52407381,0,,,425,213,212,57,38,19,368,175,193,255,125,130,342,158,184,113,50,63,59,27,32,1,0,1,135,134,14,45,24,28,10,8,5,119,80,39,17,65,2,5,16
52407382,0,,,392,201,191,27,18,9,361,181,180,200,110,90,354,176,178,161,71,90,87,29,58,5,2,3,169,168,56,62,27,10,7,3,3,110,83,27,11,98,0,23,28
52407390,0,,,172,87,85,13,7,6,159,80,79,92,42,50,157,79,78,67,38,29,37,22,15,2,0,2,74,74,24,22,15,8,3,2,0,49,37,12,8,47,1,14,11
52407391,0,,,348,167,181,30,11,19,317,156,161,205,106,99,297,142,155,112,50,62,59,23,36,3,1,2,133,133,33,39,29,18,6,8,0,99,74,25,7,73,1,15,18
52407392,0,,,112,34,78,2,1,1,110,33,77,18,11,7,109,32,77,92,22,70,77,16,61,0,0,0,19,18,9,6,2,1,0,0,0,9,8,1,0,8,0,1,4
